# TOW(s)         Up(m)      
207976.000000         0.0000
 207977.0000       -17.0029
 207978.0000        -9.9324
 207979.0000        -8.2421
 207980.0000       -11.0352
 207981.0000       -23.0693
 207982.0000       -12.1078
 207983.0000       -11.0546
 207984.0000       -19.0468
 207985.0000       -21.1423
 207986.0000       -19.2453
 207987.0000       -25.0911
 207988.0000       -21.9153
 207989.0000       -23.6308
 207990.0000       -24.2267
 207991.0000       -32.5301
 207992.0000       -31.4208
 207993.0000       -31.0376
 207994.0000       -30.7288
 207995.0000       -29.4056
 207996.0000       -28.0570
 207997.0000       -33.0797
 207998.0000       -34.2263
 207999.0000       -39.6745
 208000.0000       -35.9683
 208001.0000       -39.6455
 208002.0000       -38.6502
 208003.0000       -33.6303
 208004.0000       -31.6328
 208005.0000       -38.7941
 208006.0000       -28.6776
 208007.0000        -9.7810
 208008.0000       -10.7079
 208009.0000       -28.9803
 208010.0000       -27.5978
 208011.0000       -22.1164
 208012.0000       -26.4840
 208013.0000       -30.6266
 208014.0000       -30.2068
 208015.0000       -38.0735
 208016.0000       -41.0943
 208017.0000       -41.3338
 208018.0000       -44.3053
 208019.0000       -41.3284
 208020.0000       -36.6019
 208021.0000       -48.7836
 208022.0000       -54.1375
 208023.0000       -48.3467
 208024.0000       -43.2953
 208025.0000       -49.4170
 208026.0000       -24.2818
 208027.0000       -22.9686
 208028.0000       -21.3552
 208029.0000       -25.6866
 208030.0000       -25.8898
 208031.0000       -30.1071
 208032.0000       -29.2881
 208033.0000        -6.6628
 208034.0000        -2.1364
 208035.0000        -5.3313
 208036.0000        -2.3677
 208037.0000       -22.0683
 208038.0000         0.7662
 208039.0000        16.2009
 208040.0000       -23.0655
 208041.0000       -11.5671
 208042.0000         6.7739
 208043.0000        52.2404
 208044.0000        19.0391
 208045.0000        57.0915
 208046.0000        33.2491
 208047.0000        26.8216
 208048.0000        32.2391
 208049.0000        23.1202
 208050.0000        29.4965
 208051.0000        25.5567
 208052.0000        28.4995
 208053.0000        40.7636
 208054.0000        56.4702
 208055.0000        68.3831
 208056.0000        55.3874
 208057.0000        62.6655
 208058.0000        81.3926
 208059.0000        59.8023
 208060.0000        18.6152
 208061.0000        53.8796
 208062.0000        77.2006
 208063.0000        58.9340
 208064.0000        94.1671
 208065.0000        63.7064
 208066.0000        57.7504
 208067.0000        67.2954
 208068.0000        44.6259
 208069.0000        50.4911
 208070.0000        37.3525
 208071.0000        29.6199
 208072.0000        36.3538
 208073.0000        59.5631
 208074.0000        53.3685
 208075.0000        37.7964
 208076.0000        19.3891
 208077.0000        13.6412
 208078.0000        17.2447
 208079.0000        49.8299
 208080.0000        33.6997
 208081.0000        41.6590
 208082.0000        32.5242
 208083.0000        36.5143
 208084.0000        41.5660
 208085.0000        39.7039
 208086.0000        67.6766
 208087.0000        68.9087
 208088.0000        51.9780
 208089.0000        44.8425
 208090.0000        52.5319
 208091.0000        54.7078
 208092.0000        49.5377
 208093.0000        58.5542
 208094.0000        54.2633
 208095.0000        37.2811
 208096.0000        36.8350
 208097.0000        43.0940
 208098.0000        54.3758
 208099.0000        52.2745
 208100.0000        50.9825
 208101.0000        67.8425
 208102.0000        48.5121
 208103.0000        59.3036
 208104.0000        83.6546
 208105.0000        41.4094
 208106.0000        67.4159
 208107.0000        38.8186
 208108.0000        71.7007
 208109.0000        59.5135
 208110.0000        28.6660
 208111.0000        61.9755
 208112.0000        87.0644
 208113.0000        92.0052
 208114.0000        33.9815
 208115.0000        28.6867
 208116.0000        38.5803
 208117.0000        42.8450
 208118.0000        13.3603
 208119.0000        44.6627
 208120.0000        38.3029
 208121.0000        53.9207
 208122.0000        50.7206
 208123.0000        41.8707
 208124.0000        40.2365
 208125.0000        48.9355
 208126.0000        27.6590
 208127.0000        44.4169
 208128.0000        33.2808
 208129.0000        61.3646
 208130.0000        67.5652
 208131.0000        36.7611
 208132.0000        19.0988
 208133.0000        35.3672
 208134.0000        14.9467
 208142.0000        59.9928
 208143.0000        11.6512
 208144.0000        38.6349
 208145.0000         9.1977
 208146.0000        21.1977
 208147.0000        23.2704
 208148.0000        12.7881
 208149.0000        12.8224
 208150.0000        28.4920
 208151.0000        52.4650
 208152.0000        44.6253
 208153.0000        20.4199
 208154.0000         4.0529
 208155.0000         4.4432
 208156.0000        11.7515
 208157.0000        82.4883
 208158.0000        40.2373
 208159.0000        -1.6453
 208160.0000        54.3971
 208161.0000        21.1177
 208162.0000        83.3721
 208163.0000        23.0343
 208164.0000        63.3854
 208165.0000        79.4151
 208166.0000        41.5261
 208167.0000       100.1332
 208168.0000        47.6011
 208169.0000       105.5183
 208170.0000       133.3319
 208171.0000        37.3609
 208172.0000        44.9049
 208173.0000        99.9768
 208174.0000        51.8386
 208175.0000        72.3599
 208176.0000        77.0297
 208177.0000        79.1169
 208178.0000        29.9590
 208179.0000        79.2946
 208180.0000        27.6548
 208181.0000        10.4463
 208182.0000        -7.3945
 208183.0000        21.3384
 208184.0000        48.9773
 208185.0000        -9.8189
 208186.0000        -1.3412
 208187.0000        47.2337
 208188.0000        58.3551
 208189.0000        17.5971
 208190.0000         2.0884
 208191.0000       -12.6069
 208192.0000        -5.1330
 208193.0000       -17.3483
 208194.0000       -19.7015
 208195.0000       -15.4444
 208196.0000         1.3629
 208197.0000        22.2166
 208198.0000         1.6646
 208199.0000        19.8449
 208200.0000        18.9294
 208201.0000        27.1794
 208202.0000        22.6867
 208203.0000         7.4033
 208204.0000       -10.9368
 208205.0000        16.2040
 208206.0000        43.5141
 208207.0000        74.6845
 208208.0000        51.1370
 208209.0000       -15.6180
 208210.0000        34.3341
 208211.0000       -27.6584
 208212.0000       -21.5107
 208213.0000       -18.7994
 208214.0000         5.6988
 208215.0000         6.7077
 208216.0000         7.4407
 208217.0000       105.4847
 208218.0000       -10.4466
 208219.0000       -15.6405
 208220.0000       -14.6882
 208221.0000       -14.1379
 208222.0000         5.3390
 208223.0000         7.8879
 208224.0000        38.9506
 208225.0000       -21.2887
 208226.0000       -14.7697
 208227.0000       -12.8463
 208228.0000       -25.5423
 208229.0000         4.7415
 208230.0000        47.9330
 208231.0000       -18.7652
 208232.0000        12.6140
 208233.0000        19.4734
 208234.0000       -16.0654
 208235.0000       -17.4989
 208236.0000       -21.1337
 208249.2550       145.6365
 208250.2540        76.9337
 208251.2540        17.0832
 208252.2540        38.9553
 208253.0000        33.3781
 208254.0000        42.1829
 208255.0000        70.8555
 208256.0000        75.0730
 208257.0000        92.6482
 208258.0000        26.1072
 208259.0000        66.4169
 208260.0000       111.5146
 208261.0000        58.7291
 208262.0000        20.1433
 208263.0000        42.7368
 208264.0000        51.2929
 208265.0000        48.6176
 208266.0000        -4.8708
 208267.0000        58.6588
 208268.0000        15.7258
 208269.0000       -23.8235
 208270.0000        42.0226
 208271.0000        42.6580
 208272.0000        63.9788
 208273.0000        68.5902
 208274.0000        65.2912
 208275.0000        56.3383
 208276.0000        32.1690
 208277.0000        48.6665
 208278.0000        -5.6728
 208279.0000        51.0584
 208280.0000        21.0938
 208281.0000        45.3045
 208282.0000        29.6931
 208283.0000        -8.9560
 208284.0000        35.5021
 208285.0000        46.4429
 208286.0000        31.0640
 208287.0000        18.9525
 208288.0000        19.2484
 208289.0000         9.7544
 208290.0000        17.8882
 208291.0000        40.1835
 208292.0000        27.9540
 208293.0000        40.8915
 208294.0000       -14.4546
 208295.0000        25.9483
 208296.0000        22.0617
 208297.0000        16.7399
 208298.0000        85.7248
 208299.0000        92.2219
 208300.0000        98.9216
 208301.0000        29.9095
 208302.0000        37.3220
 208303.0000        -0.6376
 208304.0000        49.6898
 208305.0000        32.3417
 208306.0000        17.7862
 208307.0000        24.6004
 208308.0000        14.9869
 208309.0000        35.5065
 208310.0000        37.4702
 208311.0000        36.7045
 208312.0000        34.8947
 208313.0000        39.5846
 208314.0000        53.8044
 208315.0000        45.6653
 208316.0000        21.6022
 208317.0000        32.0554
 208318.0000        37.2662
 208319.0000        47.0217
 208320.0000        29.9845
 208321.0000        46.0702
 208322.0000         8.9572
 208323.0000         1.2535
 208324.0000         4.2060
 208325.0000         0.3164
 208326.0000         3.0717
 208327.0000        36.2583
 208328.0000        36.8349
 208329.0000        48.1949
 208330.0000        44.2525
 208331.0000        22.4198
 208332.0000        -2.5301
 208333.0000         2.1063
 208334.0000        13.8592
 208335.0000        19.5876
 208336.0000        12.0825
 208337.0000        23.2513
 208338.0000        19.2273
 208339.0000        27.9559
 208340.0000         9.6194
 208341.0000        49.5121
 208342.0000        41.5793
 208343.0000        10.1154
 208344.0000        75.1987
 208345.0000        57.7605
 208346.0000        63.3620
 208347.0000        37.6311
 208348.0000        24.9460
 208349.0000        36.0833
 208350.0000        17.3254
 208351.0000        47.5086
 208352.0000        14.4979
 208353.0000        49.0354
 208354.0000        32.2680
 208355.0000        23.5329
 208356.0000        17.0939
 208357.0000        33.1350
 208358.0000         7.3431
 208359.0000         1.4971
 208360.0000        28.9124
 208361.0000        36.2956
 208362.0000        53.0759
 208363.0000        22.0540
 208364.0000        15.1995
 208365.0000        42.2133
 208366.0000        49.2920
 208367.0000        38.3072
 208368.0000        35.9745
 208369.0000        28.6406
 208370.0000        32.2222
 208371.0000        28.8906
 208372.0000        44.9178
 208373.0000        62.0837
 208374.0000        39.4439
 208375.0000        38.7637
 208376.0000        23.2612
 208377.0000        15.0442
 208378.0000        28.8973
 208379.0000        23.4247
 208380.0000         7.8495
 208381.0000         2.6613
 208382.0000        -8.5362
 208383.0000         8.5065
 208384.0000        -5.1956
 208385.0000        -8.0813
 208386.0000        15.7862
 208387.0000        26.9953
 208388.0000        22.5809
 208389.0000        35.6551
 208390.0000         5.8839
 208391.0000         6.1537
 208392.0000        23.2016
 208393.0000        18.2552
 208394.0000        20.7039
 208395.0000        20.6820
 208396.0000        35.8780
 208397.0000        17.6279
 208398.0000        24.1047
 208399.0000        20.7956
 208400.0000       -11.1097
 208401.0000         7.6133
 208402.0000        -5.7631
 208403.0000        14.6980
 208404.0000         3.1437
 208405.0000         4.3525
 208406.0000        14.3476
 208407.0000        13.3234
 208408.0000       -15.5558
 208409.0000       -25.1386
 208410.0000       -17.1275
 208411.0000       -22.3778
 208412.0000       -17.1303
 208413.0000       -13.3954
 208414.0000       -20.0217
 208415.0000         2.2282
 208416.0000        19.3158
 208417.0000        19.4991
 208418.0000        -5.4169
 208419.0000        -0.8098
 208420.0000         5.5900
 208421.0000         5.4526
 208422.0000        -1.0990
 208423.0000        24.6251
 208424.0000        55.6747
 208425.0000        41.5679
 208426.0000        43.9298
 208427.0000        29.0633
 208428.0000        33.6015
 208429.0000        22.9827
 208430.0000        30.6304
 208431.0000        26.0588
 208432.0000         0.8315
 208433.0000       -22.6588
 208434.0000       -15.5095
 208435.0000         4.8199
 208436.0000        -9.3684
 208437.0000        -5.1594
 208438.0000        -7.7566
 208439.0000         2.5148
 208440.0000         0.3563
 208441.0000        -5.0998
 208442.0000        -7.4512
 208443.0000       -14.6784
 208444.0000         0.7479
 208445.0000         1.0873
 208446.0000         4.6197
 208447.0000        10.8885
 208448.0000        19.7831
 208449.0000        13.2860
 208450.0000        13.3593
 208451.0000        10.9008
 208452.0000         6.5963
 208453.0000        46.5895
 208454.0000        34.0562
 208455.0000         9.3354
 208456.0000        11.9429
 208457.0000         8.4508
 208458.0000        13.6307
 208459.0000        16.2276
 208460.0000        35.9198
 208461.0000        40.4401
 208462.0000        27.2302
 208463.0000        57.2244
 208464.0000        46.7240
 208465.0000        30.9093
 208466.0000        29.3678
 208467.0000        32.1965
 208468.0000        45.0898
 208469.0000        36.9689
 208470.0000        75.8731
 208471.0000        23.2730
 208472.0000        15.3948
 208473.0000        57.6379
 208474.0000        12.1503
 208475.0000        77.9082
 208476.0000        81.2831
 208477.0000       100.0351
 208478.0000        77.5875
 208479.0000        64.3105
 208480.0000        52.9263
 208481.0000        49.9222
 208482.0000        31.4693
 208483.0000        36.1203
 208484.0000        66.9981
 208485.0000        91.2473
 208486.0000        90.9036
 208487.0000        78.4713
 208488.0000        58.9385
 208489.0000        35.4480
 208490.0000        38.1569
 208491.0000        44.6169
 208492.0000        23.9710
 208493.0000         9.2421
 208494.0000         6.2052
 208495.0000        11.9441
 208496.0000       -23.4723
 208497.0000         9.4714
 208498.0000       -11.1302
 208499.0000       -21.0579
 208500.0000        -4.1420
 208501.0000        13.3068
 208502.0000         4.6694
 208503.0000        26.6880
 208504.0000        54.3613
 208505.0000        82.0465
 208506.0000        55.7225
 208507.0000        25.7489
 208508.0000        32.0385
 208509.0000        28.3902
 208510.0000        -2.9229
 208511.0000        -5.2587
 208512.0000        22.6112
 208513.0000        16.4563
 208514.0000        24.1246
 208515.0000        15.2258
 208516.0000        10.5457
 208517.0000        28.8446
 208518.0000        24.5729
 208519.0000       -18.0853
 208520.0000        57.8128
 208521.0000        55.1470
 208522.0000        48.5183
 208523.0000        27.3201
 208524.0000         2.7176
 208525.0000        40.6174
 208526.0000         1.8652
 208527.0000        35.4028
 208528.0000         2.9681
 208529.0000        12.3417
 208530.0000         7.0489
 208531.0000        17.8024
 208532.0000        13.2916
 208533.0000        -5.4059
 208534.0000         2.2060
 208535.0000         3.8751
 208536.0000         5.1769
 208537.0000        -8.9827
 208538.0000        27.4219
 208539.0000         4.1028
 208540.0000        -2.5290
 208541.0000       -26.7585
 208542.0000       -33.2018
 208543.0000       -14.5983
 208544.0000        15.0286
 208545.0000         4.5355
 208546.0000        42.9640
 208547.0000       -18.8201
 208548.0000       -20.0544
 208549.0000         4.8918
 208550.0000         0.0377
 208551.0000        -6.2307
 208552.0000        -3.8470
 208553.0000        -5.5306
 208554.0000        -2.0266
 208555.0000        -0.9005
 208556.0000        23.3562
 208557.0000        34.3686
 208558.0000        11.7605
 208559.0000       -21.2485
 208560.0000        -5.1877
 208561.0000        24.0165
 208562.0000        -1.0897
 208563.0000        18.9269
 208564.0000       -10.2533
 208565.0000         8.5298
 208566.0000        -0.9292
 208567.0000       -26.1531
 208568.0000       -18.5923
 208569.0000       -25.8149
 208570.0000       -20.6101
 208571.0000         9.8064
 208572.0000        -5.4583
 208573.0000         9.3425
 208574.0000        -4.6245
 208575.0000         7.3739
 208576.0000         2.2100
 208577.0000       -18.2764
 208578.0000       -16.5264
 208579.0000       -18.0136
 208580.0000       -15.2774
 208581.0000       -12.9119
 208582.0000        -4.6498
 208583.0000       -33.0345
 208584.0000       -20.1039
 208585.0000       -16.2576
 208586.0000       -13.4843
 208587.0000       -13.9296
 208588.0000       -10.1088
 208589.0000       -13.8014
 208590.0000       -14.0996
 208591.0000        -7.2044
 208592.0000        -4.2612
 208593.0000         1.3809
 208594.0000       -17.6223
 208595.0000       -16.0544
 208596.0000        -7.6050
 208597.0000       -18.3037
 208598.0000       -12.9839
 208599.0000       -24.5994
 208600.0000       -11.1989
 208601.0000       -20.9851
 208602.0000       -19.3203
 208603.0000       -10.5860
 208604.0000        -6.6466
 208605.0000        -1.4110
 208606.0000       -14.7346
 208607.0000        -7.9761
 208608.0000       -23.0862
 208609.0000       -22.1231
 208610.0000       -17.9459
 208611.0000       -27.5230
 208612.0000       -12.5950
 208613.0000       -19.5975
 208614.0000       -25.7805
 208615.0000         7.5198
 208616.0000        24.8855
 208617.0000        -1.0363
 208618.0000        19.1371
 208619.0000        12.1304
 208620.0000         7.4645
 208621.0000        22.3553
 208622.0000       -11.1011
 208623.0000        -1.0227
 208624.0000        -4.7765
 208625.0000        10.4473
 208626.0000        20.5363
 208627.0000         7.7007
 208628.0000        -4.9109
 208629.0000        -5.3989
 208630.0000        14.1547
 208631.0000         1.5270
 208632.0000         8.4399
 208633.0000         7.8851
 208634.0000        -4.0333
 208635.0000        32.3130
 208636.0000        31.9759
 208637.0000        35.2438
 208638.0000         1.3419
 208639.0000        28.4387
 208640.0000        16.9397
 208641.0000        33.5016
 208642.0000         8.4024
 208643.0000        20.7116
 208644.0000         9.7269
 208645.0000        17.7600
 208646.0000        17.7609
 208647.0000        49.9852
 208648.0000        52.3932
 208649.0000        51.7257
 208650.0000        58.2844
 208651.0000        62.2331
 208652.0000        66.9112
 208653.0000        62.5298
 208654.0000        74.9061
 208655.0000        64.0637
 208656.0000        61.6258
 208657.0000        64.9257
 208658.0000        52.8424
 208659.0000        34.3256
 208660.0000        38.4153
 208661.0000        26.0407
 208662.0000        25.4811
 208663.0000        25.3251
 208664.0000        36.1420
 208665.0000        50.1375
 208666.0000        48.9418
 208667.0000        38.9320
 208668.0000        34.5000
 208669.0000        39.5584
 208670.0000        42.4975
 208671.0000        44.1288
 208672.0000        44.1064
 208673.0000        41.0646
 208674.0000        41.8731
 208675.0000        45.2133
 208676.0000        49.9670
 208677.0000        53.6395
 208678.0000        48.2930
 208679.0000        46.3507
 208680.0000        53.2837
 208681.0000        49.0486
 208682.0000        52.6344
 208683.0000        52.6275
 208684.0000        54.2352
 208685.0000        53.7579
 208686.0000        45.4679
 208687.0000        20.3354
 208688.0000        47.2364
 208689.0000        55.6503
 208690.0000        61.1581
 208691.0000        59.5845
 208692.0000        56.7346
 208693.0000        58.9794
 208694.0000        58.0255
 208695.0000        51.0475
 208696.0000        27.8589
 208697.0000        60.4885
 208698.0000        46.8014
 208699.0000        55.9001
 208700.0000        56.3330
 208701.0000        47.7820
 208702.0000        53.5731
 208703.0000        49.5010
 208704.0000        49.5481
 208705.0000        39.5893
 208706.0000        32.5275
 208707.0000        43.0113
 208708.0000        40.0150
 208709.0000        56.7965
 208710.0000        34.6268
 208711.0000        43.8357
 208712.0000        52.9611
 208713.0000        58.8477
 208714.0000        40.9488
 208715.0000        27.3748
 208716.0000        19.9040
 208717.0000         2.2366
 208718.0000         9.5210
 208719.0000       -42.0537
 208720.0000       -36.0359
 208721.0000       -31.9475
 208722.0000       -24.5141
 208723.0000       -32.9832
 208724.0000       -36.2980
 208725.0000       -34.6680
 208726.0000       -34.3785
 208727.0000       -34.3971
 208728.0000       -37.7599
 208729.0000       -41.5661
 208730.0000       -44.4109
 208731.0000       -41.0292
 208732.0000       -37.7139
 208733.0000       -29.5101
 208734.0000       -27.8829
 208735.0000       -33.1239
 208736.0000       -29.6864
 208737.0000       -27.8535
 208738.0000       -31.3086
 210830.0000       -36.2693
 210831.0000       -35.5944
 210832.0000       -39.5113
 210833.0000       -35.5137
 210834.0000       -29.5544
 210835.0000       -29.4533
 210836.0000       -29.0234
 210837.0000       -31.3950
 210838.0000       -32.0215
 210839.0000       -32.3910
 210840.0000       -29.4016
 210841.0000       -27.8103
 210842.0000       -34.5198
 210843.0000       -35.5502
 210844.0000       -27.0480
 210845.0000       -34.5955
 210846.0000       -29.2750
 210847.0000       -32.0441
 210848.0000       -25.8160
 210849.0000       -29.0902
 210850.0000       -40.1284
 210851.0000       -40.4666
 210852.0000       -38.2060
 210853.0000       -39.1438
 210854.0000       -31.4870
 210855.0000       -35.1466
 210856.0000       -28.8406
 210857.0000       -29.3441
 210858.0000       -41.6670
 210859.0000       -28.4630
 210860.0000       -26.8497
 210861.0000       -23.2932
 210862.0000       -29.9340
 210863.0000       -29.8322
 210864.0000       -30.2617
 210865.0000       -38.8809
 210866.0000       -28.2554
 210867.0000       -30.5075
 210868.0000       -24.4088
 210869.0000       -29.7766
 210870.0000       -25.9499
 210871.0000       -38.3351
 210872.0000       -33.7938
 210873.0000       -34.7599
 210874.0000       -29.5928
 210875.0000       -33.8896
 210876.0000       -35.6283
 210877.0000       -29.7023
 210878.0000       -29.2181
 210879.0000       -24.3559
 210880.0000       -30.1393
 210881.0000       -29.2683
 210882.0000       -31.9462
 210883.0000       -28.0579
 210884.0000       -30.2259
 210885.0000       -31.8022
 210886.0000       -31.4433
 210887.0000       -32.7010
 210888.0000       -24.7989
 210889.0000       -25.6133
 210890.0000       -24.4965
 210891.0000       -22.0960
 210892.0000       -28.9829
 210893.0000       -21.9873
 210894.0000       -18.9388
 210895.0000       -19.1415
 210896.0000       -20.5676
 210897.0000       -28.5828
 210898.0000       -28.8821
 210899.0000       -28.7707
 210900.0000       -30.6634
 210901.0000       -28.2600
 210902.0000       -28.2973
 210903.0000       -32.1277
 210904.0000       -35.7481
 210905.0000       -33.0642
 210906.0000       -35.6020
 210907.0000       -33.3000
 210908.0000       -29.6168
 210909.0000       -33.8508
 210910.0000       -29.5467
 210911.0000       -36.5675
 210912.0000       -30.2510
 210913.0000       -27.5820
 210914.0000       -31.7958
 210915.0000       -24.4849
 210916.0000       -25.6989
 210917.0000       -27.3915
 210918.0000       -30.9206
 210919.0000       -27.8348
 210920.0000       -25.8898
 210921.0000       -26.6186
 210922.0000       -36.6584
 210923.0000       -26.7445
 210924.0000       -36.8651
 210925.0000       -32.2137
 210926.0000       -26.7977
 210927.0000       -29.1892
 210928.0000       -30.6725
 210929.0000       -24.4153
 210930.0000       -16.5374
 210931.0000       -23.3735
 210932.0000       -24.3469
 210933.0000       -28.3977
 210934.0000       -40.8846
 210935.0000       -41.0646
 210936.0000       -41.5144
 210937.0000       -39.7743
 210938.0000       -27.4090
 210939.0000       -16.8184
 210940.0000       -30.0145
 210941.0000       -31.2217
 210942.0000       -26.4189
 210943.0000       -41.6691
 210944.0000       -35.7029
 210945.0000       -34.4283
 210946.0000       -25.3885
 210947.0000       -36.9732
 210948.0000       -28.4697
 210949.0000       -24.4055
 210950.0000       -13.6420
 210951.0000       -16.1305
 210952.0000       -15.9170
 210953.0000       -16.7996
 210954.0000       -14.2579
 210955.0000       -20.0389
 210956.0000       -20.6656
 210957.0000       -14.2692
 210958.0000        -6.3372
 210959.0000       -13.1278
 210960.0000        -9.4178
 210961.0000        -7.3367
 210962.0000        -6.9778
 210963.0000       -10.2185
 210964.0000       -14.1274
 210965.0000        -0.0450
 210966.0000        -0.2567
 210967.0000        -4.0949
 210968.0000        -3.6338
 210969.0000        -3.0612
 210970.0000        -3.8359
 210971.0000       -19.3111
 210972.0000       -20.0364
 210973.0000       -13.8697
 210974.0000       -13.2775
 210975.0000       -25.4320
 210976.0000        -8.1882
 210977.0000       -17.9663
 210978.0000        -1.5087
 210979.0000       -11.0248
 210980.0000        -1.9935
 210981.0000       -11.8981
 210982.0000       -26.7868
 210983.0000       -32.5405
 210984.0000       -30.0502
 210985.0000       -27.0471
 210986.0000       -25.7855
 210987.0000       -23.1569
 210988.0000       -20.6773
 210989.0000       -24.9456
 210990.0000       -25.6212
 210991.0000       -23.0408
 210992.0000       -26.1767
 210993.0000       -18.2270
 210994.0000       -20.6809
 210995.0000        -9.8026
 210996.0000        16.5978
 210997.0000       -13.8893
 210998.0000         6.4560
 210999.0000        -5.2115
 211000.0000         8.6367
 211001.0000        -6.5718
 211002.0000        -3.9353
 211003.0000        -7.9871
 211004.0000        -3.7724
 211005.0000        -8.4859
 211006.0000        -1.4486
 211007.0000         4.7468
 211008.0000        -9.3722
 211009.0000         5.5875
 211010.0000        15.3332
 211011.0000        22.3585
 211012.0000        18.5254
 211013.0000       -26.6348
 211014.0000       -30.4155
 211015.0000       -38.3717
 211016.0000       -41.8308
 211017.0000       -38.3275
 211018.0000       -41.8169
 211019.0000       -40.4940
 211020.0000       -32.4720
 211021.0000       -38.5313
 211022.0000       -37.0450
 211023.0000       -24.2218
 211024.0000       -16.9279
 211025.0000       -31.7699
 211026.0000       -38.4684
 211027.0000       -35.9666
 211028.0000       -39.0134
 211029.0000       -41.0132
 211030.0000       -42.1989
 211031.0000       -42.4863
 211032.0000       -46.2493
 211033.0000       -41.9346
 211034.0000       -31.8972
 211035.0000       -33.3535
 211036.0000       -35.0676
 211037.0000       -29.7357
 211038.0000       -33.7268
 211039.0000       -34.3442
 211040.0000       -36.0712
 211041.0000       -36.1209
 211042.0000       -39.8739
 211043.0000       -33.2069
 211044.0000       -41.6148
 211045.0000       -40.3228
 211046.0000       -38.8420
 211047.0000       -35.2802
 211048.0000       -30.9933
 211049.0000       -36.0321
 211050.0000       -37.4718
 211051.0000       -41.2386
 211052.0000       -34.3967
 211053.0000       -34.0906
 211054.0000       -36.9668
 211055.0000       -38.3162
 211056.0000       -44.2928
 211057.0000       -34.1698
 211058.0000       -35.8167
 211059.0000       -26.0889
 211060.0000       -32.8327
 211061.0000       -33.0715
 211062.0000       -46.3641
 211063.0000       -48.4505
 211064.0000       -50.8418
 211065.0000       -44.8420
 211066.0000       -53.8347
 211067.0000       -46.2885
 211068.0000       -48.3298
 211069.0000       -49.8234
 211070.0000       -51.7649
 211071.0000       -50.5433
 211072.0000       -53.0908
 211073.0000       -51.5686
 211074.0000       -51.1881
 211075.0000       -50.7029
 211076.0000       -46.4537
 211077.0000       -50.7600
 211078.0000       -51.8391
 211079.0000       -51.5424
 211080.0000       -49.6961
 211081.0000       -51.8376
 211082.0000       -40.8555
 211083.0000       -47.3793
 211084.0000       -49.1882
 211085.0000       -47.2963
 211086.0000       -47.3163
 211087.0000       -49.6517
 211088.0000       -46.3058
 211089.0000       -44.6671
 211090.0000       -45.8379
 211091.0000       -45.2145
 211092.0000       -45.8847
 211093.0000       -44.0216
 211094.0000       -39.7683
 211095.0000       -41.0991
 211096.0000       -31.4333
 211097.0000       -25.8934
 211098.0000       -31.9687
 211099.0000       -30.6859
 211100.0000       -31.2795
 211101.0000       -32.0378
 211102.0000       -32.1082
 211103.0000       -38.3268
 211104.0000       -26.2142
 211105.0000       -33.6161
 211106.0000       -31.7978
 211107.0000       -38.8045
 211108.0000       -50.5878
 211109.0000       -46.0777
 211110.0000       -48.3653
 211111.0000       -41.1746
 211112.0000       -43.9331
 211113.0000       -39.9659
 211114.0000       -43.6883
 211115.0000       -40.4268
 211116.0000       -39.4222
 211117.0000       -42.4239
 211118.0000       -44.0464
 211119.0000       -40.8748
 211120.0000       -37.8963
 211121.0000       -42.8030
 211122.0000       -40.6371
 211123.0000        -6.9964
 211124.0000       -43.2908
 211125.0000       -37.8917
 211126.0000       -30.6033
 211127.0000       -30.3907
 211128.0000       -32.0442
 211129.0000       -26.7448
 211130.0000       -25.9228
 211131.0000       -24.2537
 211132.0000       -23.1140
 211133.0000       -22.6505
 211134.0000       -28.4754
 211135.0000       -34.4077
 211136.0000       -39.7760
 211137.0000       -21.1557
 211138.0000       -16.7274
 211139.0000       -28.4674
 211140.0000       -28.1575
 211141.0000       -32.8810
 211142.0000       -34.7587
 211143.0000       -35.4279
 211144.0000       -40.0015
 211145.0000       -43.8933
 211146.0000       -43.9048
 211147.0000       -42.3518
 211148.0000       -42.2566
 211149.0000       -41.3092
 211150.0000       -41.4319
 211151.0000       -43.8205
 211152.0000       -39.5748
 211153.0000       -36.4082
 211154.0000       -38.4801
 211155.0000       -43.0310
 211156.0000       -38.3534
 211157.0000       -37.4992
 211158.0000       -37.3523
 211159.0000       -39.7493
 211160.0000       -42.8104
 211161.0000       -42.0529
 211162.0000       -39.5823
 211163.0000       -39.5011
 211164.0000       -42.6878
 211165.0000       -40.1704
 211166.0000       -34.9360
 211167.0000       -35.8225
 211168.0000       -33.4906
 211169.0000       -41.2267
 211170.0000       -29.3083
 211171.0000       -30.2839
 211172.0000       -33.2276
 211173.0000       -39.5065
 211174.0000       -33.9578
 211175.0000       -33.2842
 211176.0000       -36.6170
 211177.0000       -34.3928
 211178.0000       -35.7006
 211179.0000       -34.8718
 211180.0000       -33.0479
 211181.0000       -33.7787
 211182.0000       -33.9513
 211183.0000       -37.6195
 211184.0000       -34.7830
 211185.0000       -37.6348
 211186.0000       -38.1217
 211187.0000       -36.8525
 211188.0000       -37.8419
 211189.0000       -34.3673
 211190.0000       -33.7635
 211191.0000       -29.4859
 211192.0000       -27.8665
 211193.0000       -30.7895
 211194.0000       -33.4200
 211195.0000       -32.0402
 211196.0000       -32.9265
 211197.0000       -32.1704
 211198.0000       -41.3204
 211199.0000       -41.2727
 211200.0000       -37.8349
 211201.0000       -38.8107
 211202.0000       -38.6122
 211203.0000       -33.7531
 211204.0000       -36.5513
 211205.0000       -33.9838
 211206.0000       -34.0266
 211207.0000       -38.5235
 211208.0000       -38.5825
 211209.0000       -39.6177
 211210.0000       -42.2013
 211211.0000       -43.2405
 211212.0000       -40.5677
 211213.0000       -39.9089
 211214.0000       -42.6577
 211215.0000       -40.7051
 211216.0000       -41.3295
 211217.0000       -35.4697
 211218.0000       -40.9556
 211219.0000       -40.5987
 211220.0000       -36.7138
 211221.0000       -41.7913
 211222.0000       -42.9908
 211223.0000       -40.6742
 211224.0000       -34.6710
 211225.0000       -36.7744
 211226.0000       -32.5115
 211227.0000       -35.5317
 211228.0000       -30.5054
 211229.0000       -34.8061
 211230.0000       -36.5152
 211231.0000       -40.1901
 211232.0000       -39.4730
 211233.0000       -34.1232
 211234.0000       -31.0369
 211235.0000       -28.2569
 211236.0000       -36.5190
 211237.0000       -33.5860
 211238.0000       -39.5748
 211239.0000       -41.1112
 211240.0000       -37.6893
 211241.0000       -39.3421
 211242.0000       -30.1596
 211243.0000       -27.0919
 211244.0000       -15.5790
 211245.0000       -19.4641
 211246.0000       -15.6848
 211247.0000       -17.5077
 211248.0000       -20.1631
 211249.0000       -21.9277
 211250.0000       -14.7376
 211251.0000       -26.8023
 211252.0000       -23.1307
 211253.0000       -25.0082
 211254.0000       -16.7262
 211255.0000       -20.5146
 211256.0000       -24.6955
 211257.0000       -24.6359
 211258.0000       -27.9783
 211259.0000       -27.0700
 211260.0000       -35.2595
 211261.0000       -26.4722
 211262.0000       -31.4757
 211263.0000       -31.7984
 211264.0000       -27.4998
 211265.0000       -35.2156
 211266.0000       -31.9299
 211267.0000       -37.7944
 211268.0000       -42.0829
 211269.0000       -41.6483
 211270.0000       -34.3416
 211271.0000       -31.4029
 211272.0000       -38.9081
 211273.0000       -33.9687
 211274.0000       -28.7766
 211275.0000       -23.4581
 211276.0000       -33.1731
 211277.0000       -27.5271
 211278.0000       -39.7380
 211279.0000       -43.6710
 211280.0000       -48.1166
 211281.0000       -36.2837
 211282.0000       -30.9346
 211283.0000       -30.9736
 211284.0000       -38.1582
 211285.0000       -24.7076
 211286.0000       -34.0455
 211287.0000       -34.7086
 211288.0000       -38.8381
 211289.0000       -38.0998
 211290.0000       -36.9920
 211291.0000       -18.4580
 211292.0000       -19.8832
 211293.0000       -17.9704
 211294.0000       -15.8690
 211295.0000       -15.2508
 211296.0000       -12.4988
 211297.0000       -16.1834
 211298.0000       -11.2535
 211299.0000       -30.5424
 211300.0000       -17.8249
 211301.0000       -12.9694
 211302.0000        -8.2076
 211303.0000        -7.6573
 211304.0000       -11.2517
 211305.0000        -9.5308
 211306.0000       -21.0186
 211307.0000       -22.3653
 211308.0000       -27.0706
 211309.0000       -28.4068
 211310.0000       -32.1386
 211311.0000       -35.3426
 211312.0000       -35.7609
 211313.0000       -40.4450
 211314.0000       -38.7459
 211315.0000       -38.2606
 211316.0000       -39.7623
 211317.0000       -41.8688
 211318.0000       -40.5508
 211319.0000       -39.7280
 211320.0000       -36.4644
 211321.0000       -36.6579
 211322.0000       -34.9327
 211323.0000       -37.3811
 211324.0000       -39.0224
 211325.0000       -29.9268
 211326.0000       -26.1302
 211327.0000       -27.3409
 211328.0000       -26.2799
 211329.0000       -21.3646
 211330.0000       -27.4704
 211331.0000       -25.3294
 211332.0000       -20.3019
 211333.0000        -7.3910
 211334.0000       -12.6583
 211335.0000       -11.0781
 211336.0000       -11.5665
 211337.0000       -13.7424
 211338.0000        -5.9101
 211339.0000        24.5265
 211340.0000         7.3475
 211341.0000         6.5709
 211342.0000        21.7204
 211343.0000        13.9948
 211344.0000         6.2129
 211345.0000       -21.9161
 211346.0000       -26.3827
 211347.0000       -10.0141
 211348.0000       -19.5250
 211349.0000       -13.9082
 211350.0000       -15.2317
 211351.0000       -21.2927
 211352.0000       -19.7437
 211353.0000       -24.7557
 211354.0000       -25.4289
 211355.0000       -44.7588
 211356.0000       -42.8902
 211357.0000       -46.4647
 211358.0000       -42.8780
 211359.0000       -47.4868
 211360.0000       -46.1950
 211361.0000       -40.7992
 211362.0000       -45.8270
 211363.0000       -46.0363
 211364.0000       -44.3220
 211365.0000       -40.6635
 211366.0000       -44.6090
 211367.0000       -45.0947
 211368.0000       -43.7131
 211369.0000       -44.0584
 211370.0000       -43.5741
 211371.0000       -44.2937
 211372.0000       -46.2480
 211373.0000       -46.6028
 211374.0000       -46.5621
 211375.0000       -44.0394
 211376.0000       -41.4249
 211377.0000       -47.3343
 211378.0000       -46.7299
 211379.0000       -46.7694
 211380.0000       -44.8285
 211381.0000       -45.3552
 211382.0000       -48.3290
 211383.0000       -48.8574
 211384.0000       -49.1598
 211385.0000       -49.2954
 211386.0000       -53.2246
 211387.0000       -48.1568
 211388.0000       -48.5847
 211389.0000       -51.6588
 211390.0000       -51.4441
 211391.0000       -53.1277
 211392.0000       -49.1472
 211393.0000       -54.1392
 211394.0000       -54.9909
 211395.0000       -49.4130
 211396.0000       -51.2506
 211397.0000       -52.0179
 211398.0000       -53.3088
 211399.0000       -50.5300
 211400.0000       -47.4019
 211401.0000       -31.6633
 211402.0000       -43.5344
 211403.0000       -44.0373
 211404.0000       -40.1933
 211405.0000       -41.2210
 211406.0000       -41.0337
 211407.0000       -40.9060
 211408.0000       -44.8177
 211409.0000       -35.6100
 211410.0000       -38.6751
 211411.0000       -40.9460
 211412.0000       -34.0007
 211413.0000       -32.8690
 211414.0000       -45.3066
 211415.0000       -40.3146
 211416.0000       -34.4844
 211417.0000       -37.9885
 211418.0000       -36.1207
 211419.0000       -35.6679
 211420.0000       -37.0148
 211421.0000       -33.7874
 211422.0000       -38.8343
 211423.0000       -37.0390
 211424.0000       -39.3991
 211425.0000       -42.4822
 211426.0000       -49.1482
 211427.0000       -45.1322
 211428.0000       -50.6557
 211429.0000       -47.6433
 211430.0000       -49.6904
 211431.0000       -47.2651
 211432.0000       -49.2321
 211433.0000       -53.4947
 211434.0000       -54.4699
 211435.0000       -52.2919
 211436.0000       -51.2733
 211437.0000       -55.8319
 211438.0000       -52.7397
 211439.0000       -53.2318
 211440.0000       -50.6333
 211441.0000       -47.1995
 211442.0000       -50.3691
 211443.0000       -47.1287
 211444.0000       -46.9682
 211445.0000       -47.4246
 211446.0000       -45.8802
 211447.0000       -45.8731
 211448.0000       -47.3728
 211449.0000       -47.9310
 211450.0000       -51.4000
 211451.0000       -42.5858
 211452.0000       -41.2395
 211453.0000       -34.4604
 211454.0000       -37.9327
 211455.0000       -27.9254
 211456.0000       -30.9691
 211457.0000       -19.3714
 211458.0000       -17.6739
 211459.0000       -31.2512
 211460.0000       -36.9936
 211461.0000       -36.8944
 211462.0000       -29.3105
 211463.0000       -33.8159
 211464.0000       -34.2261
 211465.0000       -30.0253
 211466.0000       -38.8471
 211467.0000       -37.0633
 211468.0000       -33.4053
 211469.0000       -32.5923
 211470.0000       -32.3205
 211471.0000       -40.2323
 211472.0000       -34.7296
 211473.0000       -35.6549
 211474.0000       -31.7762
 211475.0000       -35.6330
 211476.0000       -40.7962
 211477.0000       -41.5253
 211478.0000       -40.5039
 211479.0000       -34.0738
 211480.0000       -34.0770
 211481.0000       -38.8518
 211482.0000       -46.0914
 211483.0000       -40.3905
 211484.0000       -39.8225
 211485.0000       -35.9414
 211486.0000       -40.9053
 211487.0000       -43.7587
 211488.0000       -40.9701
 211489.0000       -42.4531
 211490.0000       -43.6983
 211491.0000       -45.2673
 211492.0000       -43.6184
 211493.0000       -40.8067
 211494.0000       -42.5175
 211495.0000       -42.8762
 211496.0000       -41.1791
 211497.0000       -39.3154
 211498.0000       -38.8575
 211499.0000       -37.8867
 211500.0000       -38.8811
 211501.0000       -34.0918
 211502.0000       -34.2190
 211503.0000       -35.4652
 211504.0000       -35.8268
 211505.0000       -36.5754
 211506.0000       -36.8692
 211507.0000       -35.9395
 211508.0000       -38.1167
 211509.0000       -36.4885
 211510.0000       -32.6723
 211511.0000       -33.0685
 211512.0000       -31.7871
 211513.0000       -27.6361
 211514.0000       -26.2228
 211515.0000       -27.4233
 211516.0000       -32.8412
 211517.0000       -32.0381
 211518.0000       -34.3478
 211519.0000       -32.5152
 211520.0000       -34.8606
 211521.0000       -31.9643
 211522.0000       -33.2709
 211523.0000       -34.0450
 211524.0000       -30.7105
 211525.0000       -33.7274
 211526.0000       -34.0683
 211527.0000       -35.2915
 211528.0000       -36.5870
 211529.0000       -38.9678
 211530.0000       -36.1545
 211531.0000       -36.5836
 211532.0000       -35.6760
 211533.0000       -35.6874
 211534.0000       -37.6311
 211535.0000       -39.3172
 211536.0000       -40.9548
 211537.0000       -29.0724
 211538.0000       -35.9465
 211539.0000       -48.4101
 211540.0000       -36.4468
 211541.0000       -38.7974
 211542.0000       -38.3089
 211543.0000       -40.1847
 211544.0000       -41.6147
 211545.0000       -37.1967
 211546.0000       -36.8527
 211547.0000       -21.2614
 211548.0000       -26.0859
 211549.0000       -33.2758
 211550.0000       -31.4287
 211551.0000       -32.0141
 211552.0000       -36.1388
 211553.0000       -40.9482
 211554.0000       -43.9683
 211555.0000       -39.6051
 211556.0000       -40.8344
 211557.0000       -39.1951
 211558.0000       -39.0067
