# ∏Ò Ω: Epoch Week TOW avg_lat(deg) avg_lon(deg) avg_h(m)
    1  2394   299055.4540      30.53025958    114.34930894     706.3248
    2  2394   299056.4530      30.52896973    114.35031151    3244.4753
    3  2394   299057.4530      30.52821625    114.35441538    9941.5551
    4  2394   299058.4530      30.53072856    114.34870237   10729.6176
    5  2394   299059.0000      30.52676296    114.35570498     534.4853
    6  2394   299060.0000      30.52802856    114.35186603      70.1219
    7  2394   299061.0000      30.52790995    114.35174245     143.0994
    8  2394   299062.0000      30.52808993    114.35185419      39.8819
    9  2394   299063.0000      30.52802251    114.35193169      28.0821
   10  2394   299064.0000      30.52802416    114.35194800      25.4246
   11  2394   299065.0000      30.52807267    114.35197289      -4.1596
   12  2394   299066.0000      30.52811649    114.35197500      -2.9508
   13  2394   299067.0000      30.52814819    114.35196852     -10.2814
   14  2394   299068.0000      30.52814388    114.35196186     -10.0219
   15  2394   299069.0000      30.52812713    114.35176781      92.6784
   16  2394   299070.0000      30.52811580    114.35191801      -9.7634
   17  2394   299071.0000      30.52809678    114.35192873      -9.3528
   18  2394   299072.0000      30.52813522    114.35195841      -5.0073
   19  2394   299073.0000      30.52817767    114.35190695      -5.8110
   20  2394   299074.0000      30.52820667    114.35191036      -1.5486
   21  2394   299075.0000      30.52811646    114.35190273      -4.1681
   22  2394   299076.0000      30.52808539    114.35190019       3.5475
   23  2394   299077.0000      30.52807668    114.35189527       4.0640
   24  2394   299078.0000      30.52814532    114.35173388     120.3506
   25  2394   299079.0000      30.52805194    114.35184705       3.0123
   26  2394   299080.0000      30.52803737    114.35189107       2.7589
   27  2394   299081.0000      30.52804157    114.35183507      -0.8903
   28  2394   299082.0000      30.52802285    114.35180288       0.6546
   29  2394   299083.0000      30.52802298    114.35179160      -0.3826
   30  2394   299084.0000      30.52802525    114.35177807      -0.5691
   31  2394   299085.0000      30.52802628    114.35176302      -6.3695
   32  2394   299086.0000      30.52804613    114.35174191      -0.8248
   33  2394   299087.0000      30.52797518    114.35172001      -4.6197
   34  2394   299088.0000      30.52797083    114.35175052       5.5797
   35  2394   299089.0000      30.52799401    114.35174154       9.3273
   36  2394   299090.0000      30.52801857    114.35169867       9.2415
   37  2394   299091.0000      30.52799835    114.35172007      10.8276
   38  2394   299092.0000      30.52792568    114.35151934      98.5650
   39  2394   299093.0000      30.52802717    114.35165490      10.4115
   40  2394   299094.0000      30.52800843    114.35167742       7.9228
   41  2394   299095.0000      30.52780040    114.35171178     -15.1478
   42  2394   299145.0000      30.52752519    114.35176523      -9.9420
   43  2394   299146.0000      30.52755969    114.35162552       0.2473
   44  2394   299147.0000      30.52716996    114.35188577       5.9876
   45  2394   299148.0000      30.42964182    114.36160483   10663.8110
   46  2394   299149.0000      30.24369793    114.24192135   70579.9855
   47  2394   299150.0000      29.93500077    114.12025981   75620.9388
   48  2394   299151.0000      30.45334815    114.32615938   13887.7615
   49  2394   299152.0000      30.52216219    114.35222856     709.0893
   50  2394   299153.0000      30.52731835    114.35155510      75.6100
   51  2394   299154.0000      30.50805464    114.35162529    1448.5555
   52  2394   299155.0000      30.52621743    114.35166463      86.1089
   53  2394   299156.0000      30.52732502    114.35149655      75.0439
   54  2394   299157.0000      30.52740646    114.35142231      59.7667
   55  2394   299158.0000      30.52741432    114.35146798      69.9525
   56  2394   299159.0000      30.52748205    114.35136472      65.9978
   57  2394   299160.0000      30.52743053    114.35192998     141.3311
   58  2394   299161.0000      30.52735296    114.35255111     239.2485
   59  2394   299162.0000      30.53103719    114.35803910    2318.8380
   60  2394   299163.0000      30.54003461    114.35786949    3677.2301
   61  2394   299164.0000      30.52770819    114.35186748     168.9483
   62  2394   299165.0000      30.53699466    114.35270932    2238.5811
   63  2394   299166.0000      30.52743127    114.35131448       2.9535
   64  2394   299167.0000      30.52746440    114.35129674       6.8281
   65  2394   299168.0000      30.52763576    114.35108608     101.7120
   66  2394   299169.0000      30.52764717    114.35122185      11.5722
   67  2394   299170.0000      30.52745083    114.35102847       8.4757
   68  2394   299171.0000      30.52748769    114.35096039      60.2398
   69  2394   299172.0000      30.52753774    114.35090503     123.7285
   70  2394   299173.0000      30.52760560    114.35094213     108.1607
   71  2394   299174.0000      30.52757018    114.35089815      99.5031
   72  2394   299175.0000      30.52756961    114.35088579     132.0615
   73  2394   299176.0000      30.52763267    114.35093972     132.9940
   74  2394   299177.0000      30.52760373    114.35089139     108.0589
   75  2394   299178.0000      30.52762475    114.35106187      16.8672
   76  2394   299179.0000      30.52753802    114.35081920     115.9780
   77  2394   299180.0000      30.52756231    114.35081816     135.6893
   78  2394   299181.0000      30.52756575    114.35084502     132.8819
   79  2394   299182.0000      30.52758084    114.35084306     135.9466
   80  2394   299183.0000      30.52755594    114.35082411      97.8206
   81  2394   299184.0000      30.52763352    114.35074713     103.7600
   82  2394   299185.0000      30.52753532    114.35074949      75.8558
   83  2394   299186.0000      30.52754389    114.35079454      90.8073
   84  2394   299187.0000      30.52755566    114.35083617      71.0218
   85  2394   299188.0000      30.52768033    114.35088102      98.6510
   86  2394   299189.0000      30.52765147    114.35088946      67.5477
   87  2394   299190.0000      30.52757459    114.35079610      84.1119
   88  2394   299191.0000      30.52757411    114.35080094      85.7340
   89  2394   299192.0000      30.52766949    114.35086606      91.4266
   90  2394   299193.0000      30.52753180    114.35075189      45.0760
   91  2394   299194.0000      30.52752956    114.35077563      43.9287
   92  2394   299195.0000      30.52761193    114.35072291      71.3857
   93  2394   299196.0000      30.52761521    114.35074004      92.9802
   94  2394   299197.0000      30.52768888    114.35064789     119.0987
   95  2394   299198.0000      30.52776938    114.35066854     132.1844
   96  2394   299199.0000      30.52771157    114.35069501     136.8997
   97  2394   299200.0000      30.52762247    114.35069623     118.5639
   98  2394   299201.0000      30.52775037    114.35069271     135.2134
   99  2394   299202.0000      30.52774398    114.35069490     101.0261
  100  2394   299203.0000      30.52767611    114.35066573      80.2866
  101  2394   299204.0000      30.52768347    114.35067270      64.5923
  102  2394   299205.0000      30.52759089    114.35060019     126.9442
  103  2394   299206.0000      30.52757432    114.35059736      77.9559
  104  2394   299207.0000      30.52764172    114.35064516      76.2021
  105  2394   299208.0000      30.52767033    114.35061803      60.0333
  106  2394   299209.0000      30.52768016    114.35061560      68.0801
  107  2394   299210.0000      30.52769945    114.35058214      99.4490
  108  2394   299211.0000      30.52772577    114.35057717      76.8028
  109  2394   299212.0000      30.52768189    114.35061095      -2.4577
  110  2394   299213.0000      30.52776457    114.35055130     128.0096
  111  2394   299214.0000      30.52783769    114.35050596      95.4861
  112  2394   299215.0000      30.52780609    114.35049560     112.9710
  113  2394   299216.0000      30.52789579    114.35043686     128.1792
  114  2394   299217.0000      30.52796108    114.35051287     139.6004
  115  2394   299218.0000      30.52798106    114.35048295     153.9896
  116  2394   299219.0000      30.52780388    114.35042488     171.0062
  117  2394   299220.0000      30.52786893    114.35042157     147.7395
  118  2394   299221.0000      30.52783878    114.35050999     127.1532
  119  2394   299222.0000      30.52785245    114.35058066     123.7303
  120  2394   299223.0000      30.52786566    114.35060122      63.1013
  121  2394   299224.0000      30.52767272    114.35046748     -71.9756
  122  2394   299225.0000      30.52772888    114.35044472      58.6952
  123  2394   299226.0000      30.52784429    114.35036361      81.4660
  124  2394   299227.0000      30.52769796    114.35047206      97.8782
  125  2394   299228.0000      30.52783255    114.35034404     107.6065
  126  2394   299229.0000      30.52782278    114.35035596     105.3592
  127  2394   299230.0000      30.52782894    114.35039280     123.2990
  128  2394   299231.0000      30.52792579    114.35043530      91.7951
  129  2394   299232.0000      30.52795975    114.35042956      80.2667
  130  2394   299233.0000      30.52769540    114.35035060      53.7019
  131  2394   299234.0000      30.52790668    114.35043490      62.4969
  132  2394   299235.0000      30.52797028    114.35056248     -64.3771
  133  2394   299236.0000      30.52793645    114.35038602      68.3464
  134  2394   299237.0000      30.52776398    114.35024596      58.5758
  135  2394   299238.0000      30.52794452    114.35036815      85.0255
  136  2394   299239.0000      30.52795450    114.35043387      77.0513
  137  2394   299240.0000      30.52802694    114.35037675      67.3911
  138  2394   299241.0000      30.52798506    114.35037062      69.3847
  139  2394   299242.0000      30.52800888    114.35032317      74.1008
  140  2394   299243.0000      30.52796292    114.35032960      62.2039
  141  2394   299244.0000      30.52807731    114.35049791     -62.1639
  142  2394   299245.0000      30.52782266    114.35041088       6.9046
  143  2394   299246.0000      30.52802105    114.35037408      18.1695
  144  2394   299247.0000      30.52802239    114.35034957      12.7925
  145  2394   299248.0000      30.52815066    114.35036504      15.6044
  146  2394   299249.0000      30.52815370    114.35034189      14.3650
  147  2394   299250.0000      30.52814995    114.35032797      10.8948
  148  2394   299251.0000      30.52819091    114.35032271      19.7517
  149  2394   299252.0000      30.52825977    114.35046143     -67.6799
  150  2394   299253.0000      30.52815903    114.35027666      37.8423
  151  2394   299254.0000      30.52820723    114.35031643      55.5171
  152  2394   299255.0000      30.52814819    114.35023866      71.2587
  153  2394   299256.0000      30.52815801    114.35031488      76.7838
  154  2394   299257.0000      30.52816582    114.35031007      47.9005
  155  2394   299258.0000      30.52817351    114.35023395      42.8271
  156  2394   299259.0000      30.52829294    114.35035833     -72.5854
  157  2394   299260.0000      30.52810544    114.35018895      38.1428
  158  2394   299261.0000      30.52817531    114.35020167      48.9508
  159  2394   299262.0000      30.52817457    114.35017520      40.8596
  160  2394   299263.0000      30.52817218    114.35016480      32.8700
  161  2394   299264.0000      30.52817568    114.35016153      22.2737
  162  2394   299265.0000      30.52805781    114.35007069      27.3107
  163  2394   299266.0000      30.52808976    114.35004658      47.9772
  164  2394   299267.0000      30.52814656    114.35004584      68.0175
  165  2394   299268.0000      30.52812613    114.35003283      90.4745
  166  2394   299269.0000      30.52811594    114.35004072      78.5549
  167  2394   299270.0000      30.52816011    114.34999170      91.1130
  168  2394   299271.0000      30.52814246    114.35002305      91.9255
  169  2394   299272.0000      30.52815558    114.34998443      79.3472
  170  2394   299273.0000      30.52833755    114.35004403      41.2692
  171  2394   299274.0000      30.52837825    114.35007682      37.3430
  172  2394   299275.0000      30.52822102    114.35016143      32.5936
  173  2394   299276.0000      30.52835709    114.35017669     -50.2774
  174  2394   299277.0000      30.52826873    114.35007304      49.0058
  175  2394   299278.0000      30.52823746    114.35000489      58.0824
  176  2394   299279.0000      30.52821749    114.34996120      95.8398
  177  2394   299280.0000      30.52817273    114.34990664      90.2754
  178  2394   299281.0000      30.52824942    114.34993665      90.1102
  179  2394   299282.0000      30.52834974    114.34992170      65.8928
  180  2394   299283.0000      30.52829088    114.34994392      41.2901
  181  2394   299284.0000      30.52838604    114.35000055     -51.7045
  182  2394   299285.0000      30.52838760    114.34985841      53.8882
  183  2394   299286.0000      30.52827126    114.34984957      49.1831
  184  2394   299287.0000      30.52827459    114.34988874      47.2085
  185  2394   299288.0000      30.52831259    114.34983385      87.2511
  186  2394   299289.0000      30.52832584    114.34981083      72.5949
  187  2394   299290.0000      30.52834596    114.34981992      73.0425
  188  2394   299291.0000      30.52833823    114.34979296      87.5469
  189  2394   299292.0000      30.52840242    114.34990481      22.9656
  190  2394   299293.0000      30.52841608    114.34973595     126.6459
  191  2394   299294.0000      30.52828430    114.34972211      97.2306
  192  2394   299295.0000      30.52830649    114.34967249      69.7992
  193  2394   299296.0000      30.52842722    114.34965769      41.6110
  194  2394   299297.0000      30.52824986    114.34956272      58.4445
  195  2394   299298.0000      30.52829859    114.34961344      69.9600
  196  2394   299299.0000      30.52845364    114.34971246      -9.4165
  197  2394   299300.0000      30.52826076    114.34945453      97.5387
  198  2394   299301.0000      30.52813508    114.34953166      77.8076
  199  2394   299302.0000      30.52817063    114.34960427      57.0040
  200  2394   299303.0000      30.52844051    114.34978520      66.5217
  201  2394   299304.0000      30.52852212    114.34974180      59.8236
  202  2394   299305.0000      30.52858056    114.34975048      48.2374
  203  2394   299306.0000      30.52856479    114.34965318      68.0983
  204  2394   299307.0000      30.52860586    114.34971874     -12.6554
  205  2394   299308.0000      30.52850565    114.34982411     109.4543
  206  2394   299309.0000      30.52856775    114.34991834     121.4987
  207  2394   299310.0000      30.52859147    114.34977063     109.0753
  208  2394   299311.0000      30.52838867    114.34987477     116.8573
  209  2394   299312.0000      30.52846827    114.34992756     104.0242
  210  2394   299313.0000      30.52843324    114.34989534      84.4609
  211  2394   299314.0000      30.52839504    114.34974055     -38.9049
  212  2394   299315.0000      30.52828190    114.34990839      39.0802
  213  2394   299316.0000      30.52824904    114.34988655      60.9031
  214  2394   299317.0000      30.52847590    114.35000481      51.9868
  215  2394   299318.0000      30.52837383    114.35001189      46.3645
  216  2394   299319.0000      30.52812936    114.34997083      35.0113
  217  2394   299320.0000      30.52819150    114.34999757     -72.7511
  218  2394   299321.0000      30.52820003    114.35000312      27.8897
  219  2394   299322.0000      30.52831556    114.35006846      31.4005
  220  2394   299323.0000      30.52813392    114.35003544      30.4109
  221  2394   299324.0000      30.52829894    114.35003885      37.8809
  222  2394   299325.0000      30.52823517    114.35010067      31.3559
  223  2394   299326.0000      30.52808821    114.35006497       9.5504
  224  2394   299327.0000      30.52805879    114.35005713     111.7622
  225  2394   299328.0000      30.52803493    114.35009213     109.4217
  226  2394   299329.0000      30.52824439    114.35014435      88.4620
  227  2394   299330.0000      30.52820694    114.35015608      83.3759
  228  2394   299331.0000      30.52816895    114.35017852      94.4068
  229  2394   299332.0000      30.52813187    114.35018457       8.0805
  230  2394   299333.0000      30.52818347    114.35023459     125.6449
  231  2394   299334.0000      30.52826610    114.35027027     101.3890
  232  2394   299335.0000      30.52825670    114.35028651     102.7689
  233  2394   299336.0000      30.52807050    114.35024788      78.0246
  234  2394   299337.0000      30.52811002    114.35027549      52.6265
  235  2394   299338.0000      30.52821901    114.35038150     -36.7111
  236  2394   299339.0000      30.52806608    114.35033510      50.5124
  237  2394   299340.0000      30.53319272    114.34781858    -371.0259
  238  2394   299341.0000      30.50349698    114.35226779   -3167.9204
  239  2394   299342.0000      30.53214308    114.34840147    -194.9345
  240  2394   299343.0000      30.53265447    114.34866398    -166.8176
  241  2394   299344.0000      30.53766865    114.34822890    -160.2304
  242  2394   299345.0000      30.53729639    114.34720241    -217.6723
  243  2394   299346.0000      30.53338659    114.34756806     -46.0105
  244  2394   299347.0000      30.53308362    114.34727308     -81.4689
  245  2394   299348.0000      30.53194894    114.34775434    -450.3804
  246  2394   299349.0000      30.53189589    114.35032072    -187.1489
  247  2394   299350.0000      30.52983407    114.35354757    -181.8316
  248  2394   299351.0000      30.53161897    114.35071420    -228.4023
  249  2394   299352.0000      30.53493492    114.34246304     300.0737
  250  2394   299353.0000      30.52995420    114.35046120      58.4039
  251  2394   299354.0000      30.53534369    114.34969235    -159.2089
  252  2394   299355.0000      30.53586133    114.34211098      74.6763
  253  2394   299356.0000      30.53960123    114.33764352     493.0889
  254  2394   299357.0000      30.53783845    114.34252249     344.0577
  255  2394   299358.0000      30.53114230    114.35018744    -237.6446
  256  2394   299359.0000      30.53577103    114.34152836     102.8139
  257  2394   299360.0000      30.53907300    114.34741693   -1324.0990
  258  2394   299361.0000      30.52798113    114.35032879      56.9638
  259  2394   299362.0000      30.52816935    114.35037342     -17.4588
  260  2394   299363.0000      30.52797843    114.35041188      56.4057
  261  2394   299364.0000      30.52805296    114.35048061      60.4964
  262  2394   299365.0000      30.52801903    114.35051144      53.2928
  263  2394   299366.0000      30.52766552    114.35035016      10.5521
  264  2394   299367.0000      30.52812703    114.35060055      22.0212
  265  2394   299368.0000      30.52807312    114.35050396     108.7278
  266  2394   299369.0000      30.52776550    114.35044905      70.3361
  267  2394   299370.0000      30.52781321    114.35041845     115.8723
  268  2394   299371.0000      30.52775873    114.35038662     102.1294
  269  2394   299372.0000      30.52766130    114.35036880      34.1053
  270  2394   299373.0000      30.52789741    114.35033939     163.7308
  271  2394   299374.0000      30.52789197    114.35031259     171.8899
  272  2394   299375.0000      30.52783384    114.35037664     144.2905
  273  2394   299376.0000      30.52759366    114.35037929      -1.5932
  274  2394   299377.0000      30.52767963    114.35037381      46.7515
  275  2394   299378.0000      30.52761482    114.35043944       1.7802
  276  2394   299379.0000      30.52773263    114.35044396      70.8468
  277  2394   299380.0000      30.52765155    114.35046228      35.8843
  278  2394   299381.0000      30.53951759    114.34048710   -1628.9480
  279  2394   299382.0000      30.53466722    114.34082829   -1195.1451
  280  2394   299383.0000      30.53742508    114.33897977   -1632.2872
  281  2394   299384.0000      30.53134236    114.34919774    -176.8456
  282  2394   299385.0000      30.53067544    114.34736767    -967.1554
  283  2394   299386.0000      30.52462398    114.34687832    -290.9998
  284  2394   299387.0000      30.52407476    114.34567470    -410.1419
  285  2394   299388.0000      30.54986568    114.34378942   -1742.5941
  286  2394   299389.0000      30.55925021    114.33512502   -3008.9100
  287  2394   299390.0000      30.55435726    114.33185394   -2492.3599
  288  2394   299391.0000      30.54546561    114.33749578   -1972.4917
  289  2394   299392.0000      30.54958680    114.34431991   -1278.6537
  290  2394   299393.0000      30.53209022    114.34627389    -580.9483
  291  2394   299394.0000      30.53331497    114.34830830    -482.2870
  292  2394   299395.0000      30.53307373    114.34903023    -415.3814
  293  2394   299396.0000      30.54472570    114.33951410   -1595.6083
  294  2394   299397.0000      30.54524680    114.34576383   -1190.3953
  295  2394   299398.0000      30.52946917    114.34991336    -273.8044
  296  2394   299399.0000      30.52818821    114.34816691    -236.9248
  297  2394   299400.0000      30.53051100    114.34760643    -237.6725
  298  2394   299401.0000      30.53459624    114.34165913    -933.3973
  299  2394   299402.0000      30.53167931    114.34988179    -238.2840
  300  2394   299403.0000      30.53004469    114.34886544   -1285.7048
  301  2394   299404.0000      30.53102206    114.34492848    -253.3415
  302  2394   299405.0000      30.53339467    114.34367957     228.8432
  303  2394   299406.0000      30.54775554    114.32926871   -2661.7233
  304  2394   299407.0000      30.53076903    114.33871628    -225.3540
  305  2394   299408.0000      30.53787058    114.33658352   -1896.3774
  306  2394   299409.0000      30.54379334    114.32519919   -2277.5718
  307  2394   299410.0000      30.54440876    114.32327628   -1475.3162
  308  2394   299411.0000      30.53761221    114.34437734      39.5904
  309  2394   299412.0000      30.52660376    114.35141953    -263.1622
  310  2394   299413.0000      30.52910552    114.35419269     757.3732
  311  2394   299414.0000      30.53202175    114.34271029   -1265.9527
  312  2394   299415.0000      30.52894168    114.34459397   -1300.8457
  313  2394   299416.0000      30.53162932    114.34467362   -1761.8944
  314  2394   299417.0000      30.52749915    114.34077025   -1446.2358
  315  2394   299418.0000      30.53115296    114.34535138   -1977.8975
  316  2394   299419.0000      30.51987436    114.33166150    -835.4494
  317  2394   299420.0000      30.52841828    114.35124623     936.6047
  318  2394   299421.0000      30.52249363    114.35199241     327.8590
  319  2394   299422.0000      30.53270797    114.36904765    3717.6048
  320  2394   299423.0000      30.52211778    114.35750199    2311.1904
  321  2394   299424.0000      30.52769745    114.34812880     246.8435
  322  2394   299425.0000      30.52854949    114.34752680    -232.5754
  323  2394   299426.0000      30.53030144    114.35632259    2395.4377
  324  2394   299427.0000      30.52932170    114.34867850    1284.2953
  325  2394   299428.0000      30.52867559    114.35097393     898.3195
  326  2394   299429.0000      30.52843174    114.34626655     -77.3563
  327  2394   299430.0000      30.52913037    114.34786645    1014.4898
  328  2394   299431.0000      30.52660004    114.35746576    3005.9586
  329  2394   299432.0000      30.52385487    114.35644473    2198.8306
  330  2394   299433.0000      30.52620273    114.36410457    2358.1829
  331  2394   299434.0000      30.52473949    114.35516411    1133.4260
  332  2394   299435.0000      30.52091010    114.35159339      16.8429
  333  2394   299436.0000      30.52140569    114.34520520    -487.4542
  334  2394   299437.0000      30.51812121    114.30347083    1171.7160
  335  2394   299438.0000      30.52226960    114.31457599   -2652.9915
  336  2394   299439.0000      30.53497581    114.33661600    2912.6564
  337  2394   299440.0000      30.53666355    114.33780759    -526.4209
  338  2394   299441.0000      30.54816263    114.39930258    7868.3498
  339  2394   299442.0000      30.52648922    114.34042410     797.8419
  340  2394   299443.0000      30.52701317    114.37288891    5912.9128
  341  2394   299444.0000      30.53558414    114.36976640    3299.7656
  342  2394   299445.0000      30.54399120    114.34289595   -2361.1616
  343  2394   299446.0000      30.53889164    114.35621015     170.9651
  344  2394   299447.0000      30.53586654    114.35420746    -366.9063
  345  2394   299448.0000      30.53404168    114.33367305    -256.9719
  346  2394   299449.0000      30.53046430    114.34091299     -29.4903
  347  2394   299450.0000      30.53795675    114.33721590    1609.1226
  348  2394   299451.0000      30.55813343    114.32862291    3126.4685
  349  2394   299452.0000      30.54588452    114.31287638    2120.0030
  350  2394   299453.0000      30.53224719    114.33470119   -2401.1818
  351  2394   299454.0000      30.52908384    114.34738662    -440.7018
  352  2394   299455.0000      30.53084126    114.34818666    -161.5355
  353  2394   299456.0000      30.52994152    114.34769169    -491.7066
  354  2394   299457.0000      30.52904993    114.35079005    -651.5661
  355  2394   299458.0000      30.50941430    114.36178947   -2813.9443
  356  2394   299459.0000      30.50443754    114.35496028   -3220.2760
  357  2394   299460.0000      30.50213286    114.36269865   -2532.4904
  358  2394   299461.0000      30.51744029    114.35778409   -1695.3889
  359  2394   299462.0000      30.50142699    114.36980948   -4156.0880
  360  2394   299463.0000      30.50599263    114.36430153   -3697.6549
  361  2394   299464.0000      30.49035176    114.36896552   -4904.6562
  362  2394   299465.0000      30.51486058    114.35522388   -1717.5950
  363  2394   299466.0000      30.51713499    114.35341441   -1235.9148
  364  2394   299467.0000      30.55414853    114.33620810     857.0867
  365  2394   299468.0000      30.53223797    114.34358704    -673.9977
  366  2394   299469.0000      30.54019944    114.32737445   -1644.6795
  367  2394   299470.0000      30.54289495    114.33436924   -1044.8396
  368  2394   299471.0000      30.50917922    114.33539339     217.0699
  369  2394   299472.0000      30.53113368    114.34958349   -1230.5593
  370  2394   299473.0000      30.53530073    114.35149501    -817.5215
  371  2394   299474.0000      30.53719618    114.34574075     573.8881
  372  2394   299475.0000      30.52814248    114.35200283      54.1615
  373  2394   299476.0000      30.52812152    114.35198936      60.3656
  374  2394   299477.0000      30.52811040    114.35200210      60.6004
  375  2394   299478.0000      30.52808185    114.35202455      52.2448
  376  2394   299479.0000      30.52805836    114.35200049     -57.3419
  377  2394   299480.0000      30.52806077    114.35204724      45.5680
  378  2394   299481.0000      30.52802676    114.35215285      36.0008
  379  2394   299482.0000      30.52805515    114.35206804      49.0317
  380  2394   299483.0000      30.52800278    114.35198006     -66.4375
  381  2394   299484.0000      30.52802519    114.35217903      35.7710
  382  2394   299485.0000      30.52802342    114.35214094      44.6262
  383  2394   299486.0000      30.52801610    114.35195226     -60.7969
  384  2394   299487.0000      30.51741284    114.34151484   -1225.0411
  385  2394   299488.0000      30.52948618    114.34840466    -671.9160
  386  2394   299489.0000      30.52854737    114.35193058     -96.7152
  387  2394   299490.0000      30.52676332    114.35041178    -160.5490
  388  2394   299491.0000      30.50485860    114.34520905   -1287.0808
  389  2394   299492.0000      30.52136838    114.34886418    -757.7879
  390  2394   299493.0000      30.52809069    114.35138348    -171.8152
  391  2394   299494.0000      30.52565647    114.35141351     152.5583
  392  2394   299495.0000      30.52454877    114.35043130     -27.0034
  393  2394   299496.0000      30.52739534    114.35142586      11.2224
  394  2394   299497.0000      30.52303032    114.35542342     789.5961
  395  2394   299498.0000      30.51952166    114.34818209     282.7311
  396  2394   299499.0000      30.52467315    114.34940712    -736.4102
  397  2394   299500.0000      30.52726220    114.34961875    -142.5903
  398  2394   299501.0000      30.52794574    114.35223150      30.2455
  399  2394   299502.0000      30.52791891    114.35206205     -54.0035
  400  2394   299503.0000      30.52784840    114.35217800      41.1866
  401  2394   299504.0000      30.52780146    114.35217853      45.5646
  402  2394   299505.0000      30.52789320    114.35220805     -52.8418
  403  2394   299506.0000      30.52785828    114.35216854      35.8982
  404  2394   299507.0000      30.52781236    114.35218734      44.8397
  405  2394   299508.0000      30.52757804    114.35190113     -59.1612
  406  2394   299509.0000      30.52760921    114.35194445      55.2589
  407  2394   299510.0000      30.53008295    114.35325227    -526.4014
  408  2394   299511.0000      30.52670195    114.34916035    -146.6164
  409  2394   299512.0000      30.52182765    114.34707096     206.5255
  410  2394   299513.0000      30.52593355    114.35299854     617.5314
  411  2394   299514.0000      30.52629469    114.34894690      36.8775
  412  2394   299515.0000      30.52482241    114.34534498    -189.6546
  413  2394   299516.0000      30.52777653    114.35222768      93.0838
  414  2394   299517.0000      30.52766878    114.35203393      49.7491
  415  2394   299518.0000      30.52777199    114.35221682     -19.3591
  416  2394   299519.0000      30.52758230    114.35200024      52.8765
  417  2394   299520.0000      30.52783711    114.35235820      60.5063
  418  2394   299521.0000      30.52765535    114.35209904      61.9918
  419  2394   299522.0000      30.52760781    114.35199692       1.9240
  420  2394   299523.0000      30.52767657    114.35201654     102.2708
  421  2394   299524.0000      30.52759707    114.35210973     123.2237
  422  2394   299525.0000      30.52773507    114.35236791      63.9450
  423  2394   299526.0000      30.52802885    114.35165134    -369.5395
  424  2394   299527.0000      30.52657853    114.34974939    -334.4508
  425  2394   299528.0000      30.52781428    114.35173806    -105.0636
  426  2394   299529.0000      30.52469923    114.34591180    -610.0786
  427  2394   299530.0000      30.51908217    114.33647683   -1530.3170
  428  2394   299531.0000      30.52820969    114.34966512    -797.6707
  429  2394   299532.0000      30.52620586    114.34722099    -320.3949
  430  2394   299533.0000      30.52865916    114.35066157    -493.6478
  431  2394   299534.0000      30.52799644    114.35155652     -70.3030
  432  2394   299535.0000      30.53075832    114.34863143     278.7521
  433  2394   299536.0000      30.53800303    114.34354765      92.2254
  434  2394   299537.0000      30.54130302    114.33231241    1625.5490
  435  2394   299538.0000      30.53402046    114.34643080     -89.8224
  436  2394   299539.0000      30.53375266    114.34666016     104.1867
  437  2394   299540.0000      30.52808575    114.34577939     426.4512
  438  2394   299541.0000      30.52853945    114.34399034    -248.6164
  439  2394   299542.0000      30.52591415    114.35365872    -420.5792
  440  2394   299543.0000      30.52770807    114.34327288     158.8951
  441  2394   299544.0000      30.52901160    114.33713220    -115.5374
  442  2394   299545.0000      30.53031323    114.34381650    -723.8549
  443  2394   299546.0000      30.53155613    114.35171525    -687.3279
  444  2394   299547.0000      30.52844616    114.35173577    -276.5807
  445  2394   299548.0000      30.52791539    114.35254410    -126.8768
  446  2394   299549.0000      30.52787803    114.35228816    -207.6333
  447  2394   299550.0000      30.52805148    114.35179941     -85.9741
  448  2394   299551.0000      30.52823506    114.35173595     -95.6736
  449  2394   299552.0000      30.52854144    114.35198101     -78.4594
  450  2394   299553.0000      30.52863611    114.35229376    -154.7474
  451  2394   299554.0000      30.52982284    114.34872864     242.0383
  452  2394   299555.0000      30.53232752    114.35035724    -347.8531
  453  2394   299556.0000      30.53317002    114.34885432    -468.7926
  454  2394   299557.0000      30.53849473    114.34791203     692.6775
  455  2394   299558.0000      30.52901308    114.34616912    -266.7265
  456  2394   299559.0000      30.52611414    114.34474715    -512.9377
  457  2394   299560.0000      30.52525440    114.34341367    -857.8482
  458  2394   299561.0000      30.52475008    114.36399870   -1108.9731
  459  2394   299562.0000      30.52687182    114.35369808    -205.7455
  460  2394   299563.0000      30.52571343    114.36053574    -370.9191
  461  2394   299564.0000      30.52602238    114.36014840    -477.7304
  462  2394   299565.0000      30.52734148    114.35215415      36.9773
  463  2394   299566.0000      30.52744251    114.35221105      46.3277
  464  2394   299567.0000      30.52742089    114.35228804      43.6541
  465  2394   299568.0000      30.52744770    114.35226612     -53.5754
  466  2394   299569.0000      30.52742348    114.35227031      35.2704
  467  2394   299570.0000      30.52737388    114.35223502      23.9688
  468  2394   299571.0000      30.52741449    114.35224607     -73.6694
  469  2394   299572.0000      30.52732312    114.35216890      14.4584
  470  2394   299573.0000      30.52744559    114.35231210      27.6344
  471  2394   299574.0000      30.52741993    114.35228592      25.7458
  472  2394   299618.0000      30.52761954    114.35247304      11.9136
  473  2394   299619.0000      30.52744710    114.35227725     121.2144
  474  2394   299620.0000      30.52732954    114.35223475     121.2951
  475  2394   299621.0000      30.56831358    114.36078936    5506.8127
  476  2394   299622.0000      30.52726852    114.35232506       9.5105
  477  2394   299623.0000      30.52694681    114.35205876      44.6319
  478  2394   299624.0000      30.52703310    114.35195529      50.7776
  479  2394   299625.0000      30.52735687    114.35223699      69.0027
  480  2394   299626.0000      30.52742540    114.35227653      87.0647
  481  2394   299627.0000      30.52726408    114.35231919     -37.4512
  482  2394   299628.0000      30.52727416    114.35218958      41.6918
  483  2394   299629.0000      30.52723455    114.35215689      29.8715
  484  2394   299630.0000      30.52720333    114.35211425      12.1220
  485  2394   299631.0000      30.52704837    114.35193657      -3.4360
  486  2394   299632.0000      30.52723078    114.35211131      36.0741
  487  2394   299633.0000      30.52727235    114.35209471     -34.5014
  488  2394   299634.0000      30.52735911    114.35209148      63.3065
  489  2394   299635.0000      30.52735747    114.35147082    -119.9790
  490  2394   299636.0000      30.52745112    114.35210011      29.7949
  491  2394   299637.0000      30.52867442    114.35148335     -49.9405
  492  2394   299638.0000      30.52773256    114.35224410    -265.9602
  493  2394   299639.0000      30.52639443    114.35279953    -322.8971
  494  2394   299640.0000      30.52725044    114.35230392    -177.6284
  495  2394   299641.0000      30.52791736    114.35126615     -76.9856
  496  2394   299642.0000      30.52833259    114.35034624     -92.1084
  497  2394   299643.0000      30.52809810    114.35127049    -148.8356
  498  2394   299644.0000      30.52827739    114.35176681    -313.6705
  499  2394   299645.0000      30.52784087    114.35126307     -43.6925
  500  2394   299646.0000      30.52811420    114.34993732     -42.0021
  501  2394   299647.0000      30.52766775    114.35128344     -42.8994
  502  2394   299648.0000      30.52766704    114.35154303     -54.1770
  503  2394   299649.0000      30.52774228    114.35144080    -168.2661
  504  2394   299650.0000      30.52771148    114.35143332     -53.2599
  505  2394   299651.0000      30.52785819    114.35182531     -72.4653
  506  2394   299652.0000      30.52773897    114.35151333     -72.3555
  507  2394   299653.0000      30.52786958    114.35182989     -68.0499
  508  2394   299654.0000      30.52789484    114.35177031     -73.1171
  509  2394   299655.0000      30.52798570    114.35165397     -74.2823
  510  2394   299656.0000      30.52791946    114.35176676     -87.1013
  511  2394   299657.0000      30.52789048    114.35131031     -83.8477
  512  2394   299658.0000      30.52796091    114.35177006     -88.0453
  513  2394   299659.0000      30.52804824    114.35163629     -86.1223
  514  2394   299660.0000      30.52805583    114.35151652     -75.5761
  515  2394   299661.0000      30.52839291    114.35191167    -259.8171
  516  2394   299662.0000      30.52906339    114.35211346    -190.8660
  517  2394   299663.0000      30.52753938    114.35227316    -185.3559
  518  2394   299664.0000      30.52830505    114.35182066     -87.0590
  519  2394   299665.0000      30.52837444    114.35179980     -81.1157
  520  2394   299666.0000      30.52815403    114.35154589    -131.6740
  521  2394   299667.0000      30.52990175    114.35152669    -429.9519
  522  2394   299668.0000      30.53256283    114.35423116    -858.9835
  523  2394   299669.0000      30.52896841    114.35244708    -205.8008
  524  2394   299670.0000      30.52980271    114.35189571    -592.1580
  525  2394   299671.0000      30.52883752    114.35235641    -200.5644
  526  2394   299672.0000      30.52821636    114.35182984    -160.9086
  527  2394   299673.0000      30.53011698    114.35236867    -397.2005
  528  2394   299674.0000      30.52872826    114.35191027    -175.9579
  529  2394   299675.0000      30.52856933    114.35160160    -272.7782
  530  2394   299676.0000      30.52829504    114.35142390    -198.9744
  531  2394   299677.0000      30.53140341    114.35342993    -643.8617
  532  2394   299678.0000      30.52835567    114.35159781     -82.6231
  533  2394   299679.0000      30.52854984    114.35185740     -67.6339
  534  2394   299680.0000      30.52879529    114.35207279    -112.9549
  535  2394   299681.0000      30.52934370    114.35203599     -82.1256
  536  2394   299682.0000      30.52942114    114.35194453     -85.6105
  537  2394   299683.0000      30.53053838    114.35070880      67.3857
  538  2394   299684.0000      30.53116145    114.35063231    -698.7702
  539  2394   299685.0000      30.52700666    114.35377424   -1224.4717
  540  2394   299686.0000      30.52819065    114.35278756   -1197.8222
  541  2394   299687.0000      30.53559846    114.34991365     415.1775
  542  2394   299688.0000      30.53852304    114.34835282     633.6669
  543  2394   299689.0000      30.53149322    114.34891048    -314.8071
  544  2394   299690.0000      30.52672549    114.35269458    -863.8856
  545  2394   299691.0000      30.51328033    114.36322632   -1790.6597
  546  2394   299692.0000      30.51301642    114.36036099   -2416.9961
  547  2394   299693.0000      30.50490079    114.35925903   -3118.9554
  548  2394   299694.0000      30.51499465    114.36750361   -4214.5804
  549  2394   299695.0000      30.52991232    114.35224284   -1077.0121
  550  2394   299696.0000      30.52644204    114.35227710    -761.4440
  551  2394   299697.0000      30.52984984    114.34685438     124.8411
  552  2394   299698.0000      30.54003069    114.34723854    -209.3288
  553  2394   299699.0000      30.53041709    114.35185792   -1014.5241
  554  2394   299700.0000      30.52805633    114.35016840    -306.2283
  555  2394   299701.0000      30.53023163    114.34727293     155.4233
  556  2394   299702.0000      30.53323029    114.34343486     479.3585
  557  2394   299703.0000      30.55982036    114.35631507   -3320.3810
  558  2394   299704.0000      30.55107662    114.34704227   -6830.2162
  559  2394   299705.0000      30.53954952    114.34364432   -4154.2196
  560  2394   299706.0000      30.53675255    114.34019409   -2888.5825
  561  2394   299707.0000      30.52411273    114.33532768   -1312.3103
  562  2394   299708.0000      30.53238632    114.33857643   -1839.9003
  563  2394   299709.0000      30.53528247    114.33805021   -1689.9830
  564  2394   299710.0000      30.53182130    114.34208175   -1079.5874
  565  2394   299711.0000      30.55245353    114.35180971   -3705.8952
  566  2394   299712.0000      30.55246738    114.34694439   -3338.8889
  567  2394   299713.0000      30.52564010    114.34945746     521.0213
  568  2394   299714.0000      30.52664482    114.34709863    -316.1300
  569  2394   299715.0000      30.52759241    114.34577854     192.0289
  570  2394   299716.0000      30.52544156    114.34632126     377.9307
  571  2394   299717.0000      30.52861056    114.34585666     463.8742
  572  2394   299718.0000      30.52691402    114.34964498    -554.4774
  573  2394   299719.0000      30.52736338    114.35101322      68.3031
  574  2394   299720.0000      30.52738723    114.35093201      76.7932
  575  2394   299721.0000      30.52744166    114.35096018      64.6153
  576  2394   299722.0000      30.52739361    114.35092405      86.0218
  577  2394   299723.0000      30.52731560    114.35115061     -64.4820
  578  2394   299724.0000      30.52739470    114.35102468      45.9823
  579  2394   299725.0000      30.52741086    114.35097085      73.8180
  580  2394   299726.0000      30.52742764    114.35091495      74.8869
  581  2394   299727.0000      30.52399613    114.34510399     732.8115
  582  2394   299728.0000      30.52276602    114.35929445    5600.8413
  583  2394   299729.0000      30.52888181    114.35794753    2232.8977
  584  2394   299730.0000      30.52698632    114.35033399    -258.2410
  585  2394   299731.0000      30.52830305    114.34930387    -221.5027
  586  2394   299732.0000      30.51070759    114.36240554    5775.4257
  587  2394   299733.0000      30.47315352    114.39213776   11901.6024
  588  2394   299734.0000      30.47250395    114.39463647   13365.7254
  589  2394   299735.0000      30.49460031    114.38157340   11454.3346
  590  2394   299736.0000      30.50081170    114.37362981    8878.3300
  591  2394   299737.0000      30.49761939    114.37209536    7277.1269
  592  2394   299738.0000      30.60196747    114.34546942   -6153.4900
  593  2394   299739.0000      30.53891348    114.34159573   -4345.9345
  594  2394   299740.0000      30.53398101    114.33890494    -913.8291
  595  2394   299741.0000      30.53196601    114.34361355    -717.5895
  596  2394   299742.0000      30.53168542    114.34061164    -681.5604
  597  2394   299743.0000      30.54253002    114.34022683   -4173.0875
  598  2394   299744.0000      30.53415686    114.33976618    -890.9022
  599  2394   299745.0000      30.52949585    114.34428857    -663.0208
  600  2394   299746.0000      30.52996953    114.34108539    -430.5487
  601  2394   299747.0000      30.53629174    114.33638221    -251.7834
  602  2394   299748.0000      30.53347256    114.33785911     237.4445
  603  2394   299749.0000      30.53148100    114.34745435      95.6741
  604  2394   299750.0000      30.53194646    114.34874703     350.3407
  605  2394   299751.0000      30.53159442    114.34803310    -124.3921
  606  2394   299752.0000      30.53336550    114.34666470    -250.2540
  607  2394   299753.0000      30.53399331    114.34870767    -194.6238
  608  2394   299754.0000      30.53564308    114.34934036    -280.6885
  609  2394   299755.0000      30.53162943    114.34802850    -303.0904
  610  2394   299756.0000      30.53232315    114.34784012    -366.6476
  611  2394   299757.0000      30.54069989    114.34682104     713.5256
  612  2394   299758.0000      30.53841092    114.34425806     449.5769
  613  2394   299759.0000      30.53957845    114.34666733     229.5695
  614  2394   299760.0000      30.53451973    114.34780327    -691.0768
  615  2394   299761.0000      30.53574583    114.34822463    -669.2467
  616  2394   299762.0000      30.53280889    114.34881154    -373.8210
  617  2394   299763.0000      30.53032364    114.34845928      55.9457
  618  2394   299764.0000      30.53217051    114.34940042    -416.8076
  619  2394   299765.0000      30.53073885    114.34714063     188.3147
  620  2394   299766.0000      30.53579483    114.34659341     123.9607
  621  2394   299767.0000      30.53008812    114.34713530     179.6810
  622  2394   299768.0000      30.52959229    114.34798246    -184.7489
  623  2394   299769.0000      30.53104013    114.34919353    -462.6871
  624  2394   299770.0000      30.52752803    114.34790187    -175.4874
  625  2394   299771.0000      30.53704543    114.34622558   -1402.0552
  626  2394   299772.0000      30.53554492    114.34527571   -2106.6819
  627  2394   299773.0000      30.52875226    114.34966428     -90.2078
  628  2394   299774.0000      30.52914896    114.34863579     -27.7374
  629  2394   299775.0000      30.53671081    114.34774485    -869.5724
  630  2394   299776.0000      30.53051870    114.34723795    -524.6567
  631  2394   299777.0000      30.53085326    114.34763564    -275.5848
  632  2394   299778.0000      30.52903003    114.34825089    -419.2278
  633  2394   299779.0000      30.53114224    114.34793784    -396.0883
  634  2394   299780.0000      30.52948237    114.34874844       3.6935
  635  2394   299781.0000      30.52957566    114.34624000     -68.4197
  636  2394   299782.0000      30.53167586    114.34756818    -481.0931
  637  2394   299783.0000      30.53024659    114.34737617    -330.7045
  638  2394   299784.0000      30.52848130    114.34751302    -107.3970
  639  2394   299785.0000      30.52878831    114.34747877    -103.5191
  640  2394   299786.0000      30.52975521    114.34802878    -365.0938
  641  2394   299787.0000      30.52800490    114.35049493     -73.9633
  642  2394   299788.0000      30.53156347    114.34708609    -361.1959
  643  2394   299789.0000      30.52844264    114.34570433    -477.5253
  644  2394   299790.0000      30.52749557    114.34393870    -523.0492
  645  2394   299791.0000      30.53109881    114.34588067    -424.9688
  646  2394   299792.0000      30.53348440    114.34746782    -166.6394
  647  2394   299793.0000      30.53070730    114.34695908      75.7008
  648  2394   299794.0000      30.53151150    114.34721608     187.9775
  649  2394   299795.0000      30.53020234    114.34790409     -72.0324
  650  2394   299796.0000      30.52997904    114.34817045       3.3706
  651  2394   299797.0000      30.53016547    114.34825793       4.2204
  652  2394   299798.0000      30.49862638    114.33662521   -1520.4544
  653  2394   299799.0000      30.49665259    114.33558075   -1471.7026
  654  2394   299800.0000      30.49755207    114.33953612   -1620.6527
  655  2394   299801.0000      30.49370689    114.33431347   -1743.5358
  656  2394   299802.0000      30.49955504    114.33814480   -1368.0174
  657  2394   299803.0000      30.50210279    114.34058488   -1440.4846
  658  2394   299804.0000      30.51454622    114.34186074   -1033.4799
  659  2394   299805.0000      30.50304204    114.33801159   -1314.5427
  660  2394   299806.0000      30.49986953    114.33661224   -1481.9162
  661  2394   299807.0000      30.50156912    114.33776726   -1357.5858
  662  2394   299808.0000      30.50007083    114.33692201   -1531.3974
  663  2394   299809.0000      30.49800019    114.33593053   -1636.3833
  664  2394   299810.0000      30.50257334    114.33828696   -1354.5860
  665  2394   299811.0000      30.50361660    114.33897100   -1254.0938
  666  2394   299812.0000      30.50142078    114.33375595   -1775.6403
  667  2394   299813.0000      30.50736036    114.33502721   -1603.5710
  668  2394   299814.0000      30.49932865    114.33435179   -1913.4151
  669  2394   299815.0000      30.49874438    114.33080184   -2088.8569
  670  2394   299816.0000      30.50505328    114.33897845   -1235.9969
  671  2394   299817.0000      30.50949416    114.34002824    -738.7860
  672  2394   299818.0000      30.50785524    114.33485093   -1263.9218
  673  2394   299819.0000      30.50942780    114.33619309   -1166.0567
  674  2394   299820.0000      30.50911534    114.33542261   -1440.1575
  675  2394   299821.0000      30.50873010    114.33539455   -1453.0463
  676  2394   299822.0000      30.50399883    114.33570414   -1772.2172
  677  2394   299823.0000      30.49927421    114.33222435   -1744.7081
  678  2394   299824.0000      30.50408759    114.33502551   -1620.1937
  679  2394   299825.0000      30.50281150    114.33342484   -1813.5978
  680  2394   299826.0000      30.53063703    114.35178958     111.4402
  681  2394   299827.0000      30.52450360    114.34720138    -183.1982
  682  2394   299828.0000      30.52778890    114.35138305      -5.5158
  683  2394   299829.0000      30.52660987    114.35256545    -121.2766
  684  2394   299830.0000      30.52695696    114.35028610    -117.5538
  685  2394   299831.0000      30.52726988    114.35254983    -134.9856
  686  2394   299832.0000      30.52783440    114.34991850      11.0998
  687  2394   299833.0000      30.52850392    114.35070649      54.7667
  688  2394   299834.0000      30.52860274    114.35073431      55.0392
  689  2394   299835.0000      30.52807765    114.34973211      10.0575
  690  2394   299836.0000      30.52835466    114.34934371    -159.5904
  691  2394   299837.0000      30.52764637    114.34948800       2.0442
  692  2394   299838.0000      30.51047716    114.33723994   -1249.4861
  693  2394   299839.0000      30.51081956    114.33895606   -1253.3408
  694  2394   299840.0000      30.52066207    114.34313095    -678.1983
  695  2394   299841.0000      30.50824066    114.33490599   -1272.6551
  696  2394   299842.0000      30.51626220    114.34005417    -955.5650
  697  2394   299843.0000      30.51171526    114.33955099    -992.4023
  698  2394   299844.0000      30.50333725    114.33847576   -1271.8357
  699  2394   299845.0000      30.51255216    114.33819852   -1247.5133
  700  2394   299846.0000      30.50229838    114.33278459   -1860.7111
  701  2394   299847.0000      30.51535004    114.34082762    -818.6434
  702  2394   299848.0000      30.52454623    114.34654349    -184.8868
  703  2394   299849.0000      30.51504196    114.34275882    -765.5747
  704  2394   299850.0000      30.51368685    114.34292442    -750.6461
  705  2394   299851.0000      30.50842208    114.34098723   -1184.7865
  706  2394   299852.0000      30.51234484    114.33933190   -1269.8397
  707  2394   299853.0000      30.49640612    114.34015940   -1688.9828
  708  2394   299854.0000      30.49913714    114.34142880   -1393.9424
  709  2394   299855.0000      30.51824514    114.34328856    -492.3938
  710  2394   299856.0000      30.50796232    114.33925832    -860.9170
  711  2394   299857.0000      30.50756136    114.33906323    -931.5641
  712  2394   299858.0000      30.50228266    114.33843548   -1291.4610
  713  2394   299859.0000      30.51497391    114.34637305      62.6980
  714  2394   299860.0000      30.52161144    114.34929458     103.0176
  715  2394   299861.0000      30.51373917    114.34987131     122.0938
  716  2394   299862.0000      30.51439875    114.34554842      69.2879
  717  2394   299863.0000      30.51991739    114.34507606      19.3309
  718  2394   299864.0000      30.51707562    114.34441556    -191.0393
  719  2394   299865.0000      30.50620213    114.33866616    -738.5034
  720  2394   299866.0000      30.50956864    114.34674005     372.2752
  721  2394   299867.0000      30.52704517    114.34887155      81.8899
  722  2394   299868.0000      30.52392828    114.34842732     110.9936
  723  2394   299869.0000      30.51183764    114.35113920     372.8891
  724  2394   299870.0000      30.50954744    114.35066521     481.3639
  725  2394   299871.0000      30.49447694    114.34788020    1591.2293
  726  2394   299872.0000      30.52853319    114.34960221      75.9102
  727  2394   299873.0000      30.52886193    114.34897859     -60.0111
  728  2394   299874.0000      30.52815990    114.34791476    -276.3532
  729  2394   299875.0000      30.52911035    114.34948670     -77.0864
  730  2394   299876.0000      30.52860664    114.34953149      29.6306
  731  2394   299877.0000      30.53994178    114.34822955    1269.7505
  732  2394   299878.0000      30.53345356    114.34995548     649.9920
  733  2394   299879.0000      30.53929924    114.34879959   -2784.4055
  734  2394   299880.0000      30.52803768    114.34863151     147.9170
  735  2394   299881.0000      30.52855481    114.35020068      41.5202
  736  2394   299882.0000      30.52774087    114.35091217    -307.6823
  737  2394   299883.0000      30.52829991    114.34690668    -324.0506
  738  2394   299884.0000      30.52824128    114.35063462     301.2574
  739  2394   299885.0000      30.52870429    114.35034669      42.2403
  740  2394   299886.0000      30.52600459    114.34550833    -223.8653
  741  2394   299887.0000      30.50214565    114.33012185   -1724.1233
  742  2394   299888.0000      30.52850045    114.34994682      86.0933
  743  2394   299889.0000      30.53354004    114.36983992    3837.1525
  744  2394   299890.0000      30.52798400    114.35788706    1277.6784
  745  2394   299891.0000      30.53216507    114.35030179   -2973.4681
  746  2394   299892.0000      30.52435141    114.35022438    1852.0793
  747  2394   299893.0000      30.52747262    114.35032476     268.1176
  748  2394   299894.0000      30.52990652    114.34955728     190.6217
  749  2394   299895.0000      30.52803734    114.35012751     426.7638
  750  2394   299896.0000      30.52827137    114.34907457      72.1327
  751  2394   299897.0000      30.52957145    114.34499877     536.1024
  752  2394   299898.0000      30.52875627    114.34974149     -76.6933
  753  2394   299899.0000      30.52904293    114.34935301      71.8526
  754  2394   299900.0000      30.52809645    114.35015026     107.5666
  755  2394   299901.0000      30.52873830    114.35001205     -96.5909
  756  2394   299902.0000      30.52846291    114.34953186    -126.3319
  757  2394   299903.0000      30.52969093    114.34967923     287.7985
  758  2394   299904.0000      30.52830793    114.34963403     -22.0056
  759  2394   299905.0000      30.52787459    114.34912785     -48.7889
  760  2394   299906.0000      30.53074034    114.35023418     251.1328
  761  2394   299907.0000      30.53206878    114.34906597     276.4674
  762  2394   299908.0000      30.52839301    114.35025806     -17.8754
  763  2394   299909.0000      30.52889334    114.35087182      52.8295
  764  2394   299910.0000      30.52900637    114.35046956     -94.0295
  765  2394   299911.0000      30.52974340    114.35127857     -14.6504
  766  2394   299912.0000      30.52914212    114.35081964      40.9459
  767  2394   299913.0000      30.52947550    114.35120850     -49.2371
  768  2394   299914.0000      30.52958462    114.35192608     -29.3100
  769  2394   299915.0000      30.52935457    114.35116750    -193.3962
  770  2394   299916.0000      30.52818831    114.34947307    -444.7476
  771  2394   299917.0000      30.52893649    114.35019892    -298.4761
  772  2394   299918.0000      30.53202094    114.35265276     228.6661
  773  2394   299919.0000      30.53068405    114.35143058     -78.7067
  774  2394   299920.0000      30.53151836    114.35275321     237.1227
  775  2394   299921.0000      30.52914567    114.35088571     -13.1581
  776  2394   299922.0000      30.52902779    114.35098423     -43.3868
  777  2394   299923.0000      30.52910850    114.35097715    -122.2951
  778  2394   299924.0000      30.52873374    114.35074945     -46.9996
  779  2394   299925.0000      30.52843995    114.35079769    -151.0502
  780  2394   299926.0000      30.53048403    114.35123358    -288.8398
  781  2394   299927.0000      30.52980819    114.35106494     -63.6127
  782  2394   299928.0000      30.52928915    114.35156894     337.0146
  783  2394   299929.0000      30.52979416    114.35241886    -255.7012
  784  2394   299930.0000      30.52854371    114.35049745    -154.9295
  785  2394   299931.0000      30.52835099    114.35027505    -116.7790
  786  2394   299932.0000      30.52904539    114.35097848     -40.8079
  787  2394   299933.0000      30.52857034    114.35118463     -54.9966
  788  2394   299934.0000      30.53070517    114.35190832    -331.1071
  789  2394   299935.0000      30.52895402    114.34968763    -516.9734
  790  2394   299936.0000      30.53313467    114.35479567    1474.5637
  791  2394   299937.0000      30.53060813    114.35153554    -480.4953
  792  2394   299938.0000      30.53190434    114.35387527    -444.4619
  793  2394   299939.0000      30.53501754    114.35291415     235.2039
  794  2394   299940.0000      30.53152639    114.35233783     321.5903
  795  2394   299941.0000      30.53022895    114.35741618     811.7267
  796  2394   299942.0000      30.53073617    114.35198716     203.2227
  797  2394   299943.0000      30.53114984    114.35252726     125.5688
  798  2394   299944.0000      30.52921131    114.35142087      51.7617
  799  2394   299945.0000      30.52873736    114.35073676     -93.6895
  800  2394   299946.0000      30.52850351    114.35216105       5.9486
  801  2394   299947.0000      30.52848065    114.35090547    -245.0037
  802  2394   299948.0000      30.53037736    114.35120740    -348.6979
  803  2394   299949.0000      30.52886713    114.35187686     -49.7326
  804  2394   299950.0000      30.52871784    114.35144284    -158.9034
  805  2394   299951.0000      30.52837612    114.35097876     -70.9885
  806  2394   299952.0000      30.52864832    114.35127913     -59.0671
  807  2394   299953.0000      30.52722248    114.35205803     -24.6223
  808  2394   299954.0000      30.53046424    114.35205418    -381.1709
  809  2394   299955.0000      30.53902167    114.35952170     221.0758
  810  2394   299956.0000      30.52953254    114.35340070    -845.6852
  811  2394   299957.0000      30.52335425    114.34551733     501.3995
  812  2394   299958.0000      30.52151113    114.34415961     658.4391
  813  2394   299959.0000      30.53442859    114.35331246   -1111.8117
  814  2394   299960.0000      30.53079353    114.35235208    -502.5465
  815  2394   299961.0000      30.52931526    114.35706423    -524.7258
  816  2394   299962.0000      30.53062991    114.35268084    -215.9071
  817  2394   299963.0000      30.53082485    114.35218935    -251.5310
  818  2394   299964.0000      30.52980080    114.35280927     137.4253
  819  2394   299965.0000      30.52960528    114.35253929      67.0304
  820  2394   299966.0000      30.52851343    114.35129935       5.1306
  821  2394   299967.0000      30.53419743    114.35713549   -1321.0843
  822  2394   299968.0000      30.53101137    114.35202637    -368.9880
  823  2394   299969.0000      30.52909670    114.35038524    -481.3631
  824  2394   299970.0000      30.52895354    114.35069092    -466.3176
  825  2394   299971.0000      30.53019399    114.35433832     133.8779
  826  2394   299972.0000      30.53043271    114.35173023    -448.3103
  827  2394   299973.0000      30.52895503    114.35147477      31.4601
  828  2394   299974.0000      30.53061527    114.35204552    -271.2725
  829  2394   299975.0000      30.52807846    114.35141492    -143.3309
  830  2394   299976.0000      30.52929543    114.35071102    -614.4983
  831  2394   299977.0000      30.52800448    114.35006909    -223.7062
  832  2394   299978.0000      30.52851399    114.35118488       0.7735
  833  2394   299979.0000      30.52839005    114.35111432     -12.2340
  834  2394   299980.0000      30.52886899    114.35080485    -501.2325
  835  2394   299981.0000      30.52818628    114.35128998    -172.9282
  836  2394   299982.0000      30.53111684    114.35417771      69.0311
  837  2394   299983.0000      30.52737497    114.35043407     -48.2146
  838  2394   299984.0000      30.52866203    114.35086737      62.3250
  839  2394   299985.0000      30.52796765    114.35043953     -16.9473
  840  2394   299986.0000      30.52832497    114.35042546     -54.8482
  841  2394   299987.0000      30.52948104    114.35002754    -478.7708
  842  2394   299988.0000      30.52827412    114.35064730    -319.4253
  843  2394   299989.0000      30.52773696    114.35078514     -27.8864
  844  2394   299990.0000      30.52781457    114.35077711      -9.4881
  845  2394   299991.0000      30.52739246    114.35109077    -135.4786
  846  2394   299992.0000      30.52790450    114.35069495      -2.8360
  847  2394   299993.0000      30.52664966    114.35233094      24.4824
  848  2394   299994.0000      30.52200847    114.35522613     129.9175
  849  2394   299995.0000      30.52156360    114.35512945    -807.9647
  850  2394   299996.0000      30.52545001    114.36195230   -1663.5694
  851  2394   299997.0000      30.52083965    114.35425607   -1360.9506
  852  2394   299998.0000      30.54575420    114.37022080     -62.7934
  853  2394   299999.0000      30.52292843    114.35287366     337.4577
  854  2394   300000.0000      30.53226814    114.36310115     144.8750
  855  2394   300001.0000      30.52787237    114.35180638     112.3368
  856  2394   300002.0000      30.52710920    114.35631730     129.1419
  857  2394   300003.0000      30.52611947    114.35702377      45.0632
  858  2394   300004.0000      30.52572226    114.35888613      12.9811
  859  2394   300005.0000      30.52785048    114.35180967     142.5759
  860  2394   300006.0000      30.52783500    114.35274981      68.1685
  861  2394   300007.0000      30.52780273    114.35347933     259.3049
  862  2394   300008.0000      30.52629176    114.35514273    -123.7866
  863  2394   300009.0000      30.52671715    114.35395375    -141.8545
  864  2394   300010.0000      30.52692892    114.35394884    -460.4196
  865  2394   300011.0000      30.52816958    114.35235886     180.1723
  866  2394   300012.0000      30.52802476    114.35226859     169.9948
  867  2394   300013.0000      30.52737776    114.35263590     133.5723
  868  2394   300014.0000      30.52870640    114.35208043      68.4614
  869  2394   300015.0000      30.52780363    114.35706733     378.7713
  870  2394   300016.0000      30.53208932    114.35987830     283.4967
  871  2394   300017.0000      30.53199633    114.35997105     339.5385
  872  2394   300018.0000      30.52781301    114.35290583    -109.5884
  873  2394   300019.0000      30.52750777    114.35365943      51.7036
  874  2394   300020.0000      30.54165768    114.35673869    1333.1261
  875  2394   300021.0000      30.53946347    114.35490046    1125.2699
  876  2394   300022.0000      30.52335660    114.35003049    -564.4036
  877  2394   300023.0000      30.52844915    114.35521799     317.9404
  878  2394   300024.0000      30.53143478    114.35826922     834.0058
  879  2394   300025.0000      30.52777028    114.35286901     -18.0663
  880  2394   300026.0000      30.55158142    114.36732336    1827.3829
  881  2394   300027.0000      30.52838096    114.35273849     -32.5301
  882  2394   300028.0000      30.54779491    114.35283529     -81.9071
  883  2394   300029.0000      30.56101295    114.36557409    3541.5656
  884  2394   300030.0000      30.57032849    114.37373713    3774.8765
  885  2394   300031.0000      30.56734263    114.36507665    2774.9892
  886  2394   300032.0000      30.58272130    114.38523489    3696.5014
  887  2394   300033.0000      30.60957533    114.39742118    4618.7653
  888  2394   300034.0000      30.58214481    114.35175001     833.9513
  889  2394   300035.0000      30.54372980    114.34087837    -436.9733
  890  2394   300036.0000      30.55253111    114.34467416     201.0642
  891  2394   300037.0000      30.55222011    114.33942055    -906.7104
  892  2394   300038.0000      30.55820858    114.34401486     182.7119
  893  2394   300039.0000      30.55639943    114.34522743     153.9226
  894  2394   300040.0000      30.54233190    114.33893963    -920.4403
  895  2394   300041.0000      30.58953146    114.36202091   -2726.8625
  896  2394   300042.0000      30.59140994    114.35545798   -1892.8084
  897  2394   300043.0000      30.56775648    114.34422954   -1730.1676
  898  2394   300044.0000      30.55027763    114.34950378     142.2899
  899  2394   300045.0000      30.53804963    114.35690629     230.9775
  900  2394   300046.0000      30.53151275    114.35252761     -76.5393
  901  2394   300047.0000      30.53153559    114.35312590      95.2494
  902  2394   300048.0000      30.53560306    114.35392752     295.1574
  903  2394   300049.0000      30.53873205    114.34941230     674.8520
  904  2394   300050.0000      30.53608725    114.35208366     719.2885
  905  2394   300051.0000      30.53508154    114.35338705     787.9427
  906  2394   300052.0000      30.53950145    114.35178049    1529.1382
  907  2394   300053.0000      30.53709350    114.34809776     640.2047
  908  2394   300054.0000      30.54702107    114.34912657     189.2940
  909  2394   300055.0000      30.54275890    114.35799516    1606.1490
  910  2394   300056.0000      30.56905600    114.35153656    4914.4353
  911  2394   300057.0000      30.59416239    114.35321004    5972.9305
  912  2394   300058.0000      30.59041357    114.35071739    5296.2977
  913  2394   300059.0000      30.55111964    114.35690745    4018.0447
  914  2394   300060.0000      30.52842474    114.35185705      17.4082
  915  2394   300061.0000      30.52810329    114.35211524     109.8357
  916  2394   300062.0000      30.52825501    114.35217047     143.3868
  917  2394   300063.0000      30.52807969    114.35215235     110.6377
  918  2394   300064.0000      30.52845181    114.35187525      29.7784
  919  2394   300065.0000      30.52841878    114.35210220     139.2549
  920  2394   300066.0000      30.52817137    114.35177653      23.6087
  921  2394   300067.0000      30.52865567    114.35175000      66.5110
  922  2394   300068.0000      30.55908591    114.34479445    2754.2537
  923  2394   300069.0000      30.55204585    114.34114134     340.2110
  924  2394   300070.0000      30.54330874    114.35323872      94.4202
  925  2394   300071.0000      30.53304443    114.35201683    -115.4380
  926  2394   300072.0000      30.53569708    114.35077749     173.7539
  927  2394   300073.0000      30.53797059    114.35120674     165.0862
  928  2394   300074.0000      30.53263214    114.35651837     147.6120
  929  2394   300075.0000      30.53229064    114.35077500    -615.5514
  930  2394   300076.0000      30.53155623    114.35286339      -0.8530
  931  2394   300077.0000      30.53325211    114.35000557    -133.0703
  932  2394   300078.0000      30.53511945    114.34774875    -189.7369
