# ∏Ò Ω: Epoch Week TOW avg_lat(deg) avg_lon(deg) avg_h(m)
1 2394 207976.00000000 30.52821441 114.35196693 82.03624590
2 2394 207977.00000000 30.52815768 114.35196050 56.78462138
3 2394 207978.00000000 30.52814294 114.35208079 59.20032477
4 2394 207979.00000000 30.52819565 114.35205951 55.22259189
5 2394 207980.00000000 30.52820433 114.35205435 47.47518157
6 2394 207981.00000000 30.52817603 114.35208277 41.01909233
7 2394 207982.00000000 30.52816323 114.35209298 50.75451642
8 2394 207983.00000000 30.52811380 114.35209245 55.03482096
9 2394 207984.00000000 30.52810854 114.35207839 47.63051378
10 2394 207985.00000000 30.52809257 114.35205002 48.53980389
11 2394 207986.00000000 30.52811456 114.35200786 47.97646299
12 2394 207987.00000000 30.52811572 114.35196810 40.40756963
13 2394 207988.00000000 30.52810810 114.35196476 43.50038385
14 2394 207989.00000000 30.52810044 114.35197195 40.44576683
15 2394 207990.00000000 30.52810281 114.35197742 42.14482716
16 2394 207991.00000000 30.52813401 114.35197947 35.88494303
17 2394 207992.00000000 30.52811973 114.35197741 39.20989220
18 2394 207993.00000000 30.52814897 114.35196102 42.43874283
19 2394 207994.00000000 30.52814893 114.35197238 45.75288725
20 2394 207995.00000000 30.52814603 114.35190766 42.57254318
21 2394 207996.00000000 30.52816022 114.35188425 42.34335387
22 2394 207997.00000000 30.52817339 114.35191986 40.69341445
23 2394 207998.00000000 30.52819608 114.35191621 34.67853084
24 2394 207999.00000000 30.52820428 114.35192690 33.85412007
25 2394 208000.00000000 30.52822409 114.35188768 36.86737899
26 2394 208001.00000000 30.52822483 114.35190516 32.99138848
27 2394 208002.00000000 30.52820085 114.35190923 35.49209804
28 2394 208003.00000000 30.52818501 114.35190906 36.99793911
29 2394 208004.00000000 30.52817374 114.35189064 37.67691470
30 2394 208005.00000000 30.52816248 114.35189401 32.26347046
31 2394 208006.00000000 30.52815951 114.35190506 38.16491957
32 2394 208007.00000000 30.52784088 114.35230025 124.27371978
33 2394 208008.00000000 30.52782201 114.35222685 113.29309042
34 2394 208009.00000000 30.52780363 114.35216938 98.52399403
35 2394 208010.00000000 30.52780759 114.35212570 98.15063148
36 2394 208011.00000000 30.52782928 114.35214168 103.51196110
37 2394 208012.00000000 30.52781820 114.35214942 100.20279384
38 2394 208013.00000000 30.52780439 114.35212122 92.84229771
39 2394 208014.00000000 30.52782763 114.35213403 84.57769519
40 2394 208015.00000000 30.52778346 114.35214851 81.10681431
41 2394 208016.00000000 30.52785313 114.35210467 77.18622127
42 2394 208017.00000000 30.52806257 114.35185238 24.46504830
43 2394 208018.00000000 30.52804800 114.35185361 12.89837907
44 2394 208019.00000000 30.52824989 114.35183883 36.64105370
45 2394 208020.00000000 30.52834757 114.35180304 48.79171510
46 2394 208021.00000000 30.52823118 114.35181062 15.45779909
47 2394 208022.00000000 30.52814672 114.35178698 -0.41166130
48 2394 208023.00000000 30.52809828 114.35168796 -21.64006857
49 2394 208024.00000000 30.52809743 114.35165348 -26.05776532
50 2394 208025.00000000 30.52808610 114.35169072 -25.36068867
51 2394 208026.00000000 30.52803367 114.35169545 -17.31838999
52 2394 208027.00000000 30.52802801 114.35168779 -17.97536065
53 2394 208028.00000000 30.52802411 114.35167298 -21.20547756
54 2394 208029.00000000 30.52800707 114.35165743 -30.88848772
55 2394 208030.00000000 30.52801624 114.35164408 -31.48398102
56 2394 208031.00000000 30.52801771 114.35161876 -33.96472032
57 2394 208032.00000000 30.52800767 114.35158563 -35.96538815
58 2394 208033.00000000 30.52793846 114.35152764 -4.95205815
59 2394 208034.00000000 30.52788826 114.35148616 7.35509298
60 2394 208035.00000000 30.52787923 114.35181765 -6.68731732
61 2394 208036.00000000 30.52784778 114.35171716 -4.30357117
62 2394 208037.00000000 30.52789706 114.35154714 -28.37400671
63 2394 208038.00000000 30.52780106 114.35146304 17.67333510
64 2394 208039.00000000 30.52764322 114.35171402 17.66490566
65 2394 208040.00000000 30.52775772 114.35173254 1.11282608
66 2394 208041.00000000 30.52780749 114.35147419 -4.57728738
67 2394 208042.00000000 30.52775547 114.35166155 18.35862688
68 2394 208043.00000000 30.52763972 114.35132593 45.93745005
69 2394 208044.00000000 30.52780887 114.35137642 18.43184800
70 2394 208045.00000000 30.52757913 114.35127199 64.60908671
71 2394 208046.00000000 30.52775595 114.35131289 49.30006112
72 2394 208047.00000000 30.52766178 114.35132408 46.34210159
73 2394 208048.00000000 30.52762343 114.35126177 68.73886037
74 2394 208049.00000000 30.52765949 114.35126873 56.38030874
75 2394 208050.00000000 30.52764637 114.35124413 75.64814098
76 2394 208051.00000000 30.52767181 114.35127005 65.66622328
77 2394 208052.00000000 30.52768151 114.35127056 79.98121686
78 2394 208053.00000000 30.52767041 114.35121222 79.86497921
79 2394 208054.00000000 30.52768956 114.35119095 79.75522089
80 2394 208055.00000000 30.52768915 114.35118464 89.15434047
81 2394 208056.00000000 30.52767173 114.35119329 86.95618430
82 2394 208057.00000000 30.52771600 114.35118932 99.96175214
83 2394 208058.00000000 30.52767625 114.35116225 100.65654788
84 2394 208059.00000000 30.52769806 114.35117472 90.03519084
85 2394 208060.00000000 30.52783451 114.35116522 74.28838484
86 2394 208061.00000000 30.52786833 114.35118645 72.64559603
87 2394 208062.00000000 30.52783587 114.35108968 79.57419763
88 2394 208063.00000000 30.52767222 114.35114929 85.91282208
89 2394 208064.00000000 30.52771336 114.35115137 109.56977450
90 2394 208065.00000000 30.52762981 114.35100973 99.57802572
91 2394 208066.00000000 30.52762741 114.35106024 94.42352137
92 2394 208067.00000000 30.52764339 114.35110491 73.47367362
93 2394 208068.00000000 30.52764331 114.35114638 71.52663583
94 2394 208069.00000000 30.52766780 114.35114295 86.71218531
95 2394 208070.00000000 30.52759711 114.35119559 64.01861306
96 2394 208071.00000000 30.52767149 114.35110758 53.42111652
97 2394 208072.00000000 30.52770475 114.35100284 56.16010959
98 2394 208073.00000000 30.52774098 114.35098315 66.67786691
99 2394 208074.00000000 30.52772300 114.35092012 74.92049911
100 2394 208075.00000000 30.52774799 114.35103252 55.77705816
101 2394 208076.00000000 30.52770213 114.35106270 44.59582540
102 2394 208077.00000000 30.52782959 114.35096808 56.38349583
103 2394 208078.00000000 30.52782713 114.35096252 58.35080508
104 2394 208079.00000000 30.52775374 114.35088799 49.12351821
105 2394 208080.00000000 30.52789184 114.35097003 53.37834232
106 2394 208081.00000000 30.52772183 114.35084518 49.93083929
107 2394 208082.00000000 30.52769578 114.35087621 29.38683775
108 2394 208083.00000000 30.52780374 114.35095949 56.63137070
109 2394 208084.00000000 30.52774471 114.35104753 50.53567460
110 2394 208085.00000000 30.52782092 114.35094350 56.46431648
111 2394 208086.00000000 30.52780357 114.35088729 64.62873277
112 2394 208087.00000000 30.52783501 114.35087510 61.65300531
113 2394 208088.00000000 30.52776447 114.35084366 36.10823776
114 2394 208089.00000000 30.52773148 114.35100667 36.68254168
115 2394 208090.00000000 30.52779747 114.35088369 45.96791942
116 2394 208091.00000000 30.52776596 114.35097614 62.10697941
117 2394 208092.00000000 30.52785477 114.35100803 37.54410708
118 2394 208093.00000000 30.52781045 114.35096409 51.90017800
119 2394 208094.00000000 30.52786393 114.35100735 44.05176769
120 2394 208095.00000000 30.52788059 114.35104502 37.61730959
121 2394 208096.00000000 30.52787585 114.35110803 43.92921634
122 2394 208097.00000000 30.52788981 114.35110068 54.26330828
123 2394 208098.00000000 30.52788034 114.35107433 54.90495034
124 2394 208099.00000000 30.52782123 114.35110941 58.79906076
125 2394 208100.00000000 30.52773941 114.35109984 55.41865656
126 2394 208101.00000000 30.52783082 114.35102365 68.16717743
127 2394 208102.00000000 30.52782302 114.35106538 55.30099958
128 2394 208103.00000000 30.52793853 114.35095774 56.88468300
129 2394 208104.00000000 30.52788186 114.35095269 79.72244112
130 2394 208105.00000000 30.52788243 114.35094670 77.84691042
131 2394 208106.00000000 30.52791361 114.35091304 87.47260902
132 2394 208107.00000000 30.52793937 114.35115973 60.82235850
133 2394 208108.00000000 30.52789202 114.35102116 87.94104329
134 2394 208109.00000000 30.52815113 114.35095236 76.86931269
135 2394 208110.00000000 30.52819989 114.35098944 66.29917683
136 2394 208111.00000000 30.52819845 114.35095017 72.65323767
137 2394 208112.00000000 30.52812881 114.35090323 82.42552813
138 2394 208113.00000000 30.52811233 114.35086863 89.32607933
139 2394 208114.00000000 30.52821335 114.35090510 66.55235336
140 2394 208115.00000000 30.52823334 114.35092449 48.76201654
141 2394 208116.00000000 30.52805664 114.35093999 69.66700551
142 2394 208117.00000000 30.52810220 114.35103025 61.52438472
143 2394 208118.00000000 30.52806420 114.35102496 53.68283213
144 2394 208119.00000000 30.52815269 114.35090770 78.66330843
145 2394 208120.00000000 30.52802071 114.35086050 84.47254121
146 2394 208121.00000000 30.52811665 114.35090641 86.66828878
147 2394 208122.00000000 30.52798627 114.35082964 84.90206821
148 2394 208123.00000000 30.52799508 114.35082909 91.47386342
149 2394 208124.00000000 30.52813308 114.35082899 85.75441886
150 2394 208125.00000000 30.52813873 114.35083240 86.99036289
151 2394 208126.00000000 30.52811413 114.35084731 83.23329955
152 2394 208127.00000000 30.52817676 114.35084207 93.60334751
153 2394 208128.00000000 30.52827049 114.35085569 88.61310959
154 2394 208129.00000000 30.52819452 114.35081397 95.79652911
155 2394 208130.00000000 30.52808162 114.35082534 102.99162430
156 2394 208131.00000000 30.52808591 114.35068568 66.95236218
157 2394 208132.00000000 30.52804699 114.35072660 62.55412264
158 2394 208133.00000000 30.52804251 114.35061994 58.49410600
159 2394 208134.00000000 30.52809448 114.35066548 56.64593282
160 2394 208142.00000000 30.52794286 114.35045780 90.74240743
161 2394 208143.00000000 30.52798030 114.35046105 71.46447264
162 2394 208144.00000000 30.52809218 114.35051676 70.24672644
163 2394 208145.00000000 30.52803731 114.35049751 61.91018290
164 2394 208146.00000000 30.52800052 114.35048355 67.04706276
165 2394 208147.00000000 30.52802453 114.35053880 67.44305059
166 2394 208148.00000000 30.52807985 114.35051478 66.29221986
167 2394 208149.00000000 30.52812333 114.35050345 63.59672680
168 2394 208150.00000000 30.52804611 114.35044819 69.82255286
169 2394 208151.00000000 30.52802890 114.35043407 85.70636991
170 2394 208152.00000000 30.52808585 114.35044107 77.49424924
171 2394 208153.00000000 30.52804811 114.35046126 70.36289919
172 2394 208154.00000000 30.52806672 114.35044709 69.96593026
173 2394 208155.00000000 30.52806832 114.35044660 67.40371287
174 2394 208156.00000000 30.52814540 114.35047607 72.98460455
175 2394 208157.00000000 30.52798240 114.35038328 85.44866161
176 2394 208158.00000000 30.52809280 114.35039090 74.41056582
177 2394 208159.00000000 30.52818809 114.35040614 59.76917745
178 2394 208160.00000000 30.52817669 114.35045011 80.79447456
179 2394 208161.00000000 30.52817097 114.35045298 80.85095436
180 2394 208162.00000000 30.52804584 114.35038314 97.66163138
181 2394 208163.00000000 30.52808452 114.35036110 72.08319919
182 2394 208164.00000000 30.52809363 114.35035239 87.62133845
183 2394 208165.00000000 30.52811087 114.35034921 88.95950215
184 2394 208166.00000000 30.52803912 114.35038226 93.02649042
185 2394 208167.00000000 30.52796507 114.35031887 114.08765457
186 2394 208168.00000000 30.52802521 114.35035549 98.54500996
187 2394 208169.00000000 30.52802491 114.35033318 111.97390694
188 2394 208170.00000000 30.52793610 114.35047575 140.21293122
189 2394 208171.00000000 30.52808023 114.35033952 96.33965537
190 2394 208172.00000000 30.52813948 114.35036318 84.73326272
191 2394 208173.00000000 30.52810980 114.35035409 96.55151348
192 2394 208174.00000000 30.52817755 114.35036774 85.50169241
193 2394 208175.00000000 30.52817131 114.35025235 67.11592291
194 2394 208176.00000000 30.52818268 114.35026104 69.68294572
195 2394 208177.00000000 30.52820743 114.35025190 66.80790977
196 2394 208178.00000000 30.52823910 114.35025610 65.87811995
197 2394 208179.00000000 30.52821672 114.35028036 85.16618398
198 2394 208180.00000000 30.52827092 114.35020375 56.81674255
199 2394 208181.00000000 30.52833480 114.35022623 39.55810051
200 2394 208182.00000000 30.52834088 114.35018095 25.43179586
201 2394 208183.00000000 30.52833670 114.35021208 36.56763569
202 2394 208184.00000000 30.52842775 114.35029282 54.99136278
203 2394 208185.00000000 30.52840821 114.35021500 22.72025392
204 2394 208186.00000000 30.52844740 114.35024183 33.22916068
205 2394 208187.00000000 30.52833925 114.35025501 60.59948939
206 2394 208188.00000000 30.52819108 114.34990178 161.80974317
207 2394 208189.00000000 30.52823927 114.34984503 145.87169555
208 2394 208190.00000000 30.52827622 114.34984067 136.02963455
209 2394 208191.00000000 30.52825804 114.34977354 140.96688235
210 2394 208192.00000000 30.52827777 114.34982221 145.48944126
211 2394 208193.00000000 30.52823877 114.34975620 134.48057515
212 2394 208194.00000000 30.52829426 114.34977088 140.16786003
213 2394 208195.00000000 30.52835680 114.34975084 144.17992369
214 2394 208196.00000000 30.52838219 114.34976039 147.66272388
215 2394 208197.00000000 30.52834466 114.34973427 147.53568888
216 2394 208198.00000000 30.52838272 114.34975984 146.73192444
217 2394 208199.00000000 30.52840123 114.34974181 157.04871613
218 2394 208200.00000000 30.52845303 114.34975666 157.74483410
219 2394 208201.00000000 30.52844967 114.34971677 157.82311350
220 2394 208202.00000000 30.52843345 114.34970213 155.95667374
221 2394 208203.00000000 30.52838116 114.34973312 167.19516796
222 2394 208204.00000000 30.52846430 114.34964109 147.79792842
223 2394 208205.00000000 30.52842409 114.34953685 149.32897656
224 2394 208206.00000000 30.52844766 114.34950598 159.49299286
225 2394 208207.00000000 30.52861877 114.34970407 186.53292966
226 2394 208208.00000000 30.52849737 114.34953405 165.50093140
227 2394 208209.00000000 30.52850609 114.34953744 147.42712008
228 2394 208210.00000000 30.52851349 114.34953315 148.00546679
229 2394 208211.00000000 30.52855719 114.34959063 137.78864010
230 2394 208212.00000000 30.52859099 114.34962338 137.44677027
231 2394 208213.00000000 30.52856820 114.34961015 132.78978072
232 2394 208214.00000000 30.52853670 114.34956627 129.33786147
233 2394 208215.00000000 30.52856970 114.34962607 129.41600392
234 2394 208216.00000000 30.52855496 114.34965153 127.12270079
235 2394 208217.00000000 30.52864084 114.34974238 165.66158958
236 2394 208218.00000000 30.52857463 114.34965212 119.08585986
237 2394 208219.00000000 30.52862336 114.34968603 110.78483393
238 2394 208220.00000000 30.52862491 114.34972930 102.94139868
239 2394 208221.00000000 30.52859232 114.34971928 98.10330065
240 2394 208222.00000000 30.52861206 114.34973206 91.44732209
241 2394 208223.00000000 30.52859614 114.34969494 82.54970424
242 2394 208224.00000000 30.52859542 114.34968746 86.03039053
243 2394 208225.00000000 30.52861038 114.34972411 72.74053815
244 2394 208226.00000000 30.52862424 114.34972143 73.74150322
245 2394 208227.00000000 30.52867657 114.34973312 65.88299494
246 2394 208228.00000000 30.52866517 114.34971113 65.67153830
247 2394 208229.00000000 30.52864112 114.34963829 65.55407520
248 2394 208230.00000000 30.52867334 114.34966364 79.34341633
249 2394 208231.00000000 30.52867717 114.34970524 65.00194889
250 2394 208232.00000000 30.52864840 114.34965167 66.92790677
251 2394 208233.00000000 30.52867087 114.34963276 81.47568876
252 2394 208234.00000000 30.52865329 114.34962458 70.13355703
253 2394 208235.00000000 30.52866363 114.34960594 70.63541668
254 2394 208236.00000000 30.52867842 114.34960108 72.47233133
255 2394 208249.25500000 30.52861367 114.34966607 312.88778939
256 2394 208250.25400000 30.52876067 114.34928921 291.27229272
257 2394 208251.25400000 30.52865878 114.34915792 270.71547778
258 2394 208252.25400000 30.52878909 114.34922552 283.26946524
259 2394 208253.00000000 30.52887595 114.34924006 285.81691194
260 2394 208254.00000000 30.52887085 114.34922893 295.78237768
261 2394 208255.00000000 30.52889688 114.34930893 303.35417831
262 2394 208256.00000000 30.52891573 114.34935836 312.27915729
263 2394 208257.00000000 30.52901541 114.34950458 332.47643277
264 2394 208258.00000000 30.52895616 114.34933735 304.13699325
265 2394 208259.00000000 30.52902943 114.34953600 321.69645015
266 2394 208260.00000000 30.52877949 114.34953532 234.23299866
267 2394 208261.00000000 30.52877444 114.34953759 223.86782084
268 2394 208262.00000000 30.52872692 114.34946152 198.72977429
269 2394 208263.00000000 30.52872527 114.34953712 204.33824397
270 2394 208264.00000000 30.52876229 114.34955012 207.81893454
271 2394 208265.00000000 30.52867225 114.34947141 204.16392616
272 2394 208266.00000000 30.52879487 114.34951833 189.61309909
273 2394 208267.00000000 30.52875549 114.34947646 209.65638254
274 2394 208268.00000000 30.52877510 114.34952673 204.67526107
275 2394 208269.00000000 30.52875731 114.34950677 179.25289920
276 2394 208270.00000000 30.52872949 114.34953386 200.49174886
277 2394 208271.00000000 30.52871447 114.34955250 212.30308921
278 2394 208272.00000000 30.52869495 114.34954226 217.38871496
279 2394 208273.00000000 30.52863497 114.34947362 204.96598477
280 2394 208274.00000000 30.52862980 114.34941399 199.18860527
281 2394 208275.00000000 30.52865329 114.34945954 211.90347393
282 2394 208276.00000000 30.52866191 114.34949128 217.90340262
283 2394 208277.00000000 30.52865959 114.34944300 216.84875457
284 2394 208278.00000000 30.52868876 114.34944774 202.46630653
285 2394 208279.00000000 30.52867145 114.34942461 220.70776156
286 2394 208280.00000000 30.52861442 114.34933577 208.25315706
287 2394 208281.00000000 30.52870138 114.34939639 221.25107018
288 2394 208282.00000000 30.52867162 114.34937304 209.94272114
289 2394 208283.00000000 30.52868745 114.34938972 191.76766093
290 2394 208284.00000000 30.52866228 114.34938069 205.09266821
291 2394 208285.00000000 30.52860815 114.34934505 193.09262684
292 2394 208286.00000000 30.52861274 114.34937083 183.96847627
293 2394 208287.00000000 30.52869974 114.34939522 146.76792437
294 2394 208288.00000000 30.52873589 114.34939964 138.04056157
295 2394 208289.00000000 30.52870106 114.34933607 129.90329402
296 2394 208290.00000000 30.52873073 114.34932723 120.12445932
297 2394 208291.00000000 30.52867975 114.34926520 113.31401853
298 2394 208292.00000000 30.52871133 114.34930164 117.93640003
299 2394 208293.00000000 30.52867651 114.34922314 113.60751357
300 2394 208294.00000000 30.52870128 114.34923640 113.84301391
301 2394 208295.00000000 30.52863050 114.34915705 122.99823882
302 2394 208296.00000000 30.52859869 114.34920232 120.49014507
303 2394 208297.00000000 30.52865957 114.34917572 125.24599670
304 2394 208298.00000000 30.52863331 114.34916465 141.53835618
305 2394 208299.00000000 30.52864418 114.34914455 142.89136130
306 2394 208300.00000000 30.52866068 114.34915950 145.60705502
307 2394 208301.00000000 30.52869550 114.34914657 133.98440567
308 2394 208302.00000000 30.52866802 114.34923681 148.22977306
309 2394 208303.00000000 30.52869613 114.34915236 118.93138230
310 2394 208304.00000000 30.52867890 114.34918368 133.12120209
311 2394 208305.00000000 30.52869895 114.34916417 124.39795865
312 2394 208306.00000000 30.52871806 114.34917138 120.19923888
313 2394 208307.00000000 30.52870904 114.34917189 124.03772322
314 2394 208308.00000000 30.52866373 114.34913503 125.82628548
315 2394 208309.00000000 30.52864381 114.34912081 134.79163631
316 2394 208310.00000000 30.52862362 114.34912475 134.49108277
317 2394 208311.00000000 30.52862394 114.34912325 135.72008717
318 2394 208312.00000000 30.52861588 114.34912587 136.38206525
319 2394 208313.00000000 30.52862879 114.34913759 142.55195818
320 2394 208314.00000000 30.52865034 114.34915089 150.55733069
321 2394 208315.00000000 30.52862938 114.34912530 148.19895054
322 2394 208316.00000000 30.52860055 114.34907950 136.04807460
323 2394 208317.00000000 30.52858783 114.34908824 125.23232860
324 2394 208318.00000000 30.52853705 114.34908099 124.57870152
325 2394 208319.00000000 30.52846877 114.34904630 121.59856517
326 2394 208320.00000000 30.52849369 114.34904003 107.01856456
327 2394 208321.00000000 30.52850945 114.34909048 108.47084126
328 2394 208322.00000000 30.52849828 114.34908054 93.41502861
329 2394 208323.00000000 30.52847276 114.34904577 91.50749240
330 2394 208324.00000000 30.52851561 114.34901784 90.98376403
331 2394 208325.00000000 30.52848967 114.34897545 87.58733383
332 2394 208326.00000000 30.52847004 114.34896245 95.46669389
333 2394 208327.00000000 30.52847290 114.34893338 114.13100111
334 2394 208328.00000000 30.52845298 114.34892643 112.21431344
335 2394 208329.00000000 30.52842634 114.34898199 107.30806096
336 2394 208330.00000000 30.52845785 114.34895294 104.59182488
337 2394 208331.00000000 30.52846387 114.34901592 96.84634993
338 2394 208332.00000000 30.52844942 114.34903303 88.96930356
339 2394 208333.00000000 30.52846797 114.34901877 87.19798485
340 2394 208334.00000000 30.52849287 114.34911789 86.08324501
341 2394 208335.00000000 30.52846497 114.34911343 90.09077775
342 2394 208336.00000000 30.52847221 114.34912793 92.11947725
343 2394 208337.00000000 30.52844767 114.34916359 98.55424417
344 2394 208338.00000000 30.52848083 114.34909242 101.43680854
345 2394 208339.00000000 30.52847204 114.34908740 104.63616006
346 2394 208340.00000000 30.52844257 114.34906531 105.70055242
347 2394 208341.00000000 30.52847785 114.34907807 115.18154934
348 2394 208342.00000000 30.52848628 114.34907397 131.39525881
349 2394 208343.00000000 30.52853256 114.34900776 120.70110631
350 2394 208344.00000000 30.52849335 114.34905904 137.57957200
351 2394 208345.00000000 30.52849878 114.34902770 135.92272964
352 2394 208346.00000000 30.52853323 114.34897820 141.61560492
353 2394 208347.00000000 30.52856537 114.34905310 136.52733908
354 2394 208348.00000000 30.52861225 114.34901881 135.42362277
355 2394 208349.00000000 30.52858897 114.34903596 142.89092275
356 2394 208350.00000000 30.52858648 114.34898978 135.77132118
357 2394 208351.00000000 30.52858300 114.34897161 144.50820414
358 2394 208352.00000000 30.52863466 114.34898227 139.16490692
359 2394 208353.00000000 30.52865106 114.34896933 146.97115052
360 2394 208354.00000000 30.52868308 114.34901165 141.31333708
361 2394 208355.00000000 30.52866562 114.34900447 134.63759071
362 2394 208356.00000000 30.52865703 114.34897881 129.94013846
363 2394 208357.00000000 30.52868401 114.34896055 130.96687423
364 2394 208358.00000000 30.52869096 114.34891601 131.34273951
365 2394 208359.00000000 30.52874888 114.34887473 136.93119909
366 2394 208360.00000000 30.52880302 114.34888642 139.34339130
367 2394 208361.00000000 30.52886649 114.34887746 155.95326912
368 2394 208362.00000000 30.52886312 114.34892801 168.85859037
369 2394 208363.00000000 30.52889231 114.34892911 162.88006374
370 2394 208364.00000000 30.52888724 114.34892559 161.64211678
371 2394 208365.00000000 30.52879753 114.34878674 170.68458529
372 2394 208366.00000000 30.52888638 114.34882006 169.98375039
373 2394 208367.00000000 30.52888927 114.34880317 162.44972378
374 2394 208368.00000000 30.52885067 114.34880942 154.51147570
375 2394 208369.00000000 30.52885244 114.34879131 149.72518035
376 2394 208370.00000000 30.52886622 114.34877527 142.71530662
377 2394 208371.00000000 30.52882228 114.34877678 141.63073532
378 2394 208372.00000000 30.52886052 114.34888195 146.61491279
379 2394 208373.00000000 30.52886394 114.34885142 135.69217395
380 2394 208374.00000000 30.52889706 114.34885730 129.04116894
381 2394 208375.00000000 30.52891378 114.34886756 122.38613921
382 2394 208376.00000000 30.52888055 114.34892995 121.47796134
383 2394 208377.00000000 30.52885764 114.34890435 114.72277825
384 2394 208378.00000000 30.52884068 114.34892721 106.21295034
385 2394 208379.00000000 30.52880385 114.34893149 95.45205157
386 2394 208380.00000000 30.52874871 114.34894202 94.12453915
387 2394 208381.00000000 30.52876406 114.34892183 89.66763783
388 2394 208382.00000000 30.52875288 114.34883603 90.71039441
389 2394 208383.00000000 30.52876171 114.34882991 107.30439701
390 2394 208384.00000000 30.52870891 114.34881783 94.37810637
391 2394 208385.00000000 30.52869773 114.34878665 107.00115455
392 2394 208386.00000000 30.52867416 114.34878779 109.92283721
393 2394 208387.00000000 30.52865979 114.34877733 115.04527818
394 2394 208388.00000000 30.52864804 114.34869610 124.45906622
395 2394 208389.00000000 30.52863612 114.34875811 125.20801012
396 2394 208390.00000000 30.52861165 114.34876172 121.37252274
397 2394 208391.00000000 30.52862257 114.34867873 110.92817836
398 2394 208392.00000000 30.52866651 114.34872417 120.17054301
399 2394 208393.00000000 30.52865595 114.34869786 118.84749038
400 2394 208394.00000000 30.52866176 114.34873276 116.00740933
401 2394 208395.00000000 30.52862968 114.34864847 114.62752758
402 2394 208396.00000000 30.52864742 114.34870605 138.32917589
403 2394 208397.00000000 30.52865225 114.34863347 113.73946332
404 2394 208398.00000000 30.52867711 114.34860251 122.93405252
405 2394 208399.00000000 30.52866403 114.34855361 129.29715345
406 2394 208400.00000000 30.52866561 114.34858971 106.28486429
407 2394 208401.00000000 30.52865851 114.34862381 109.28502583
408 2394 208402.00000000 30.52871046 114.34854205 108.59084256
409 2394 208403.00000000 30.52873458 114.34859467 115.37741690
410 2394 208404.00000000 30.52868827 114.34861950 105.04890891
411 2394 208405.00000000 30.52868503 114.34860478 99.57149535
412 2394 208406.00000000 30.52867002 114.34858900 111.74333784
413 2394 208407.00000000 30.52870640 114.34863402 108.19158881
414 2394 208408.00000000 30.52871874 114.34857927 111.01378615
415 2394 208409.00000000 30.52874031 114.34862091 111.84192037
416 2394 208410.00000000 30.52864959 114.34859103 105.79970882
417 2394 208411.00000000 30.52867472 114.34864787 106.68177673
418 2394 208412.00000000 30.52868534 114.34866894 96.99999831
419 2394 208413.00000000 30.52870033 114.34868610 97.90245859
420 2394 208414.00000000 30.52870164 114.34869369 94.36867453
421 2394 208415.00000000 30.52869240 114.34874407 95.24079626
422 2394 208416.00000000 30.52871531 114.34877572 108.56415856
423 2394 208417.00000000 30.52870103 114.34881619 108.48935091
424 2394 208418.00000000 30.52870854 114.34881889 97.40934269
425 2394 208419.00000000 30.52868830 114.34891932 95.01763668
426 2394 208420.00000000 30.52872086 114.34895535 95.65286118
427 2394 208421.00000000 30.52869425 114.34893091 91.45882651
428 2394 208422.00000000 30.52876978 114.34892299 93.86302095
429 2394 208423.00000000 30.52888759 114.34906757 110.05488207
430 2394 208424.00000000 30.52894276 114.34911355 121.59580325
431 2394 208425.00000000 30.52895783 114.34911667 121.57283558
432 2394 208426.00000000 30.52893616 114.34909806 121.68565344
433 2394 208427.00000000 30.52890832 114.34908060 123.07282199
434 2394 208428.00000000 30.52892245 114.34906284 132.54941052
435 2394 208429.00000000 30.52894398 114.34905811 137.67145128
436 2394 208430.00000000 30.52896126 114.34906926 151.97914580
437 2394 208431.00000000 30.52897989 114.34906413 157.31678804
438 2394 208432.00000000 30.52899917 114.34912021 157.44715725
439 2394 208433.00000000 30.52896338 114.34904393 159.21845695
440 2394 208434.00000000 30.52897961 114.34907104 169.09707771
441 2394 208435.00000000 30.52900124 114.34919047 182.08649056
442 2394 208436.00000000 30.52900527 114.34912999 187.17880911
443 2394 208437.00000000 30.52902029 114.34915157 197.22502359
444 2394 208438.00000000 30.52894801 114.34907613 194.44239405
445 2394 208439.00000000 30.52890247 114.34909419 195.61637146
446 2394 208440.00000000 30.52886712 114.34909985 193.35690793
447 2394 208441.00000000 30.52880112 114.34906802 181.31351477
448 2394 208442.00000000 30.52876151 114.34906011 175.91885681
449 2394 208443.00000000 30.52872083 114.34903466 174.34739865
450 2394 208444.00000000 30.52871709 114.34904995 168.92714016
451 2394 208445.00000000 30.52869364 114.34902689 172.82958306
452 2394 208446.00000000 30.52867904 114.34902813 176.11240370
453 2394 208447.00000000 30.52862671 114.34902443 182.07126905
454 2394 208448.00000000 30.52859055 114.34900597 189.16725052
455 2394 208449.00000000 30.52855987 114.34898153 184.29007389
456 2394 208450.00000000 30.52856131 114.34899232 174.65923477
457 2394 208451.00000000 30.52851516 114.34897941 164.55355695
458 2394 208452.00000000 30.52848915 114.34897455 166.62817291
459 2394 208453.00000000 30.52849824 114.34901775 169.09809113
460 2394 208454.00000000 30.52847944 114.34905510 176.01168155
461 2394 208455.00000000 30.52844707 114.34903608 173.54929513
462 2394 208456.00000000 30.52843632 114.34908920 175.02460241
463 2394 208457.00000000 30.52842949 114.34914144 168.22058158
464 2394 208458.00000000 30.52840008 114.34914212 160.53437504
465 2394 208459.00000000 30.52844079 114.34914733 158.59279916
466 2394 208460.00000000 30.52844223 114.34927527 162.63990740
467 2394 208461.00000000 30.52843931 114.34928340 170.82620468
468 2394 208462.00000000 30.52841973 114.34927518 162.06794059
469 2394 208463.00000000 30.52843155 114.34934554 169.82084459
470 2394 208464.00000000 30.52843120 114.34938742 170.75076300
471 2394 208465.00000000 30.52845599 114.34935702 168.35055310
472 2394 208466.00000000 30.52843197 114.34931028 164.35324606
473 2394 208467.00000000 30.52844142 114.34931883 172.80559638
474 2394 208468.00000000 30.52845004 114.34935507 176.07714402
475 2394 208469.00000000 30.52839351 114.34928600 182.27830577
476 2394 208470.00000000 30.52837450 114.34930323 192.66863298
477 2394 208471.00000000 30.52839256 114.34920615 184.64397564
478 2394 208472.00000000 30.52847110 114.34928555 192.35241553
479 2394 208473.00000000 30.52848437 114.34925493 199.33181257
480 2394 208474.00000000 30.52850599 114.34919420 195.67314451
481 2394 208475.00000000 30.52851707 114.34922489 202.40165564
482 2394 208476.00000000 30.52849246 114.34925331 207.67009720
483 2394 208477.00000000 30.52850721 114.34924983 206.77039887
484 2394 208478.00000000 30.52853740 114.34928368 208.29298712
485 2394 208479.00000000 30.52856189 114.34927863 204.53737918
486 2394 208480.00000000 30.52858402 114.34924879 199.94490556
487 2394 208481.00000000 30.52862666 114.34927681 203.54910096
488 2394 208482.00000000 30.52863324 114.34930071 200.05491069
489 2394 208483.00000000 30.52871088 114.34936179 200.61606771
490 2394 208484.00000000 30.52875284 114.34938200 212.64108331
491 2394 208485.00000000 30.52889091 114.34954655 175.92856844
492 2394 208486.00000000 30.52895550 114.34959148 188.72197722
493 2394 208487.00000000 30.52891528 114.34955678 179.49495526
494 2394 208488.00000000 30.52887294 114.34957251 173.77117428
495 2394 208489.00000000 30.52887690 114.34961394 165.80183182
496 2394 208490.00000000 30.52889411 114.34957274 165.18551690
497 2394 208491.00000000 30.52890190 114.34955087 164.03849336
498 2394 208492.00000000 30.52888200 114.34960269 155.10931282
499 2394 208493.00000000 30.52891821 114.34947345 143.76450010
500 2394 208494.00000000 30.52891157 114.34942378 137.52463554
501 2394 208495.00000000 30.52886428 114.34937963 132.61717066
502 2394 208496.00000000 30.52884149 114.34939974 113.36353556
503 2394 208497.00000000 30.52882735 114.34936041 113.54996177
504 2394 208498.00000000 30.52881847 114.34940412 107.35680947
505 2394 208499.00000000 30.52881177 114.34938642 108.70830198
506 2394 208500.00000000 30.52880746 114.34936617 110.74001385
507 2394 208501.00000000 30.52878224 114.34935787 111.10685010
508 2394 208502.00000000 30.52879234 114.34939315 111.71563659
509 2394 208503.00000000 30.52874743 114.34929292 114.04719283
510 2394 208504.00000000 30.52870725 114.34936960 129.87559703
511 2394 208505.00000000 30.52869897 114.34937741 141.98637143
512 2394 208506.00000000 30.52868211 114.34943486 132.81224533
513 2394 208507.00000000 30.52869506 114.34945478 117.93032108
514 2394 208508.00000000 30.52869077 114.34950031 122.87910132
515 2394 208509.00000000 30.52869719 114.34952691 121.69961867
516 2394 208510.00000000 30.52872958 114.34954181 113.04023016
517 2394 208511.00000000 30.52870955 114.34953065 112.99497615
518 2394 208512.00000000 30.52870934 114.34952873 116.51733632
519 2394 208513.00000000 30.52870893 114.34955377 115.91911946
520 2394 208514.00000000 30.52870955 114.34957048 118.34103955
521 2394 208515.00000000 30.52872218 114.34957575 115.77974078
522 2394 208516.00000000 30.52873826 114.34955012 118.98126896
523 2394 208517.00000000 30.52877741 114.34961979 132.93019648
524 2394 208518.00000000 30.52885284 114.34961226 128.34787549
525 2394 208519.00000000 30.52891219 114.34959964 115.09079200
526 2394 208520.00000000 30.52888859 114.34957081 134.06102318
527 2394 208521.00000000 30.52891046 114.34958174 137.18731471
528 2394 208522.00000000 30.52895693 114.34952815 139.54043687
529 2394 208523.00000000 30.52897816 114.34955074 151.66774685
530 2394 208524.00000000 30.52902161 114.34959335 147.16001864
531 2394 208525.00000000 30.52898359 114.34951622 149.64429988
532 2394 208526.00000000 30.52898302 114.34955599 146.88894929
533 2394 208527.00000000 30.52897165 114.34954740 144.92183765
534 2394 208528.00000000 30.52900770 114.34959410 130.37691473
535 2394 208529.00000000 30.52900983 114.34955959 140.36576336
536 2394 208530.00000000 30.52900948 114.34952663 139.22996354
537 2394 208531.00000000 30.52894982 114.34946467 158.05600878
538 2394 208532.00000000 30.52894800 114.34945007 160.30413276
539 2394 208533.00000000 30.52900112 114.34944961 172.21877543
540 2394 208534.00000000 30.52890802 114.34942290 163.24519407
541 2394 208535.00000000 30.52887751 114.34944280 161.39809549
542 2394 208536.00000000 30.52882809 114.34953662 162.34126057
543 2394 208537.00000000 30.52884285 114.34948604 154.78172054
544 2394 208538.00000000 30.52881560 114.34961160 167.72464290
545 2394 208539.00000000 30.52881005 114.34963088 173.89548624
546 2394 208540.00000000 30.52877723 114.34958342 155.30452441
547 2394 208541.00000000 30.52880013 114.34957662 153.61035160
548 2394 208542.00000000 30.52884332 114.34962416 142.58866107
549 2394 208543.00000000 30.52881216 114.34958272 156.15153080
550 2394 208544.00000000 30.52879220 114.34967663 164.22918348
551 2394 208545.00000000 30.52882560 114.34966400 160.66698114
552 2394 208546.00000000 30.52878929 114.34968318 153.09685758
553 2394 208547.00000000 30.52878987 114.34972900 138.74752059
554 2394 208548.00000000 30.52883040 114.34980927 136.86532197
555 2394 208549.00000000 30.52889907 114.34984058 154.21997552
556 2394 208550.00000000 30.52887603 114.34983706 150.90786052
557 2394 208551.00000000 30.52885912 114.34982812 150.93531669
558 2394 208552.00000000 30.52882925 114.34986379 144.76981525
559 2394 208553.00000000 30.52878160 114.34981703 142.12859116
560 2394 208554.00000000 30.52875554 114.34984168 151.48508825
561 2394 208555.00000000 30.52869077 114.34988620 145.36112274
562 2394 208556.00000000 30.52865589 114.34990047 146.73616437
563 2394 208557.00000000 30.52863134 114.35003576 161.06703956
564 2394 208558.00000000 30.52858298 114.35002946 157.24826210
565 2394 208559.00000000 30.52862354 114.34999243 137.77714165
566 2394 208560.00000000 30.52854890 114.35005570 148.14186980
567 2394 208561.00000000 30.52855147 114.35010214 151.75595396
568 2394 208562.00000000 30.52852148 114.35002377 139.07268540
569 2394 208563.00000000 30.52846492 114.35012379 139.06699941
570 2394 208564.00000000 30.52850150 114.35008681 138.62299644
571 2394 208565.00000000 30.52850281 114.35010858 135.31035693
572 2394 208566.00000000 30.52845233 114.35021657 139.59929026
573 2394 208567.00000000 30.52840415 114.35018229 118.36869259
574 2394 208568.00000000 30.52852451 114.35024290 134.45268942
575 2394 208569.00000000 30.52841745 114.35020286 117.93148973
576 2394 208570.00000000 30.52840862 114.35022565 121.12503103
577 2394 208571.00000000 30.52843626 114.35030110 149.40034953
578 2394 208572.00000000 30.52830485 114.35029059 135.75436610
579 2394 208573.00000000 30.52828983 114.35030966 139.23436359
580 2394 208574.00000000 30.52824499 114.35030744 138.52126437
581 2394 208575.00000000 30.52823997 114.35031817 137.35804865
582 2394 208576.00000000 30.52821715 114.35033657 137.87115865
583 2394 208577.00000000 30.52828059 114.35028978 125.84535691
584 2394 208578.00000000 30.52826118 114.35031978 131.50774874
585 2394 208579.00000000 30.52825862 114.35033430 128.45159355
586 2394 208580.00000000 30.52823623 114.35032402 130.10015557
587 2394 208581.00000000 30.52819574 114.35030228 136.08184079
588 2394 208582.00000000 30.52817578 114.35031717 134.92635408
589 2394 208583.00000000 30.52812857 114.35025814 111.03564739
590 2394 208584.00000000 30.52807485 114.35026774 119.03969110
591 2394 208585.00000000 30.52807303 114.35027375 118.65197261
592 2394 208586.00000000 30.52805736 114.35030736 125.10527116
593 2394 208587.00000000 30.52808498 114.35032319 125.71070553
594 2394 208588.00000000 30.52808749 114.35030759 125.00927942
595 2394 208589.00000000 30.52804843 114.35029799 131.96237336
596 2394 208590.00000000 30.52808248 114.35028752 124.16165277
597 2394 208591.00000000 30.52807319 114.35030978 123.51829138
598 2394 208592.00000000 30.52801047 114.35031788 129.52031502
599 2394 208593.00000000 30.52802176 114.35028951 127.95715180
600 2394 208594.00000000 30.52803337 114.35021958 124.25255756
601 2394 208595.00000000 30.52803369 114.35024083 128.65156533
602 2394 208596.00000000 30.52799127 114.35022905 124.10189135
603 2394 208597.00000000 30.52796980 114.35022062 120.24006626
604 2394 208598.00000000 30.52795334 114.35015357 121.92199717
605 2394 208599.00000000 30.52796469 114.35018860 122.56012681
606 2394 208600.00000000 30.52791809 114.35014114 129.70471310
607 2394 208601.00000000 30.52793763 114.35018070 131.64321181
608 2394 208602.00000000 30.52796132 114.35023488 131.37996779
609 2394 208603.00000000 30.52797859 114.35028668 135.59571906
610 2394 208604.00000000 30.52794903 114.35028544 136.83743231
611 2394 208605.00000000 30.52792996 114.35030882 132.55600064
612 2394 208606.00000000 30.52785240 114.35034712 129.37244941
613 2394 208607.00000000 30.52782496 114.35033777 130.34028142
614 2394 208608.00000000 30.52784358 114.35036940 127.30880208
615 2394 208609.00000000 30.52787897 114.35043944 119.89265520
616 2394 208610.00000000 30.52788910 114.35047632 121.82512862
617 2394 208611.00000000 30.52784694 114.35047396 117.51370744
618 2394 208612.00000000 30.52787850 114.35052655 117.73330802
619 2394 208613.00000000 30.52788356 114.35056096 113.99107424
620 2394 208614.00000000 30.52777028 114.35059398 112.47128672
621 2394 208615.00000000 30.52776623 114.35065786 107.63942619
622 2394 208616.00000000 30.52778534 114.35071523 108.56682598
623 2394 208617.00000000 30.52785732 114.35071674 87.28207126
624 2394 208618.00000000 30.52778133 114.35077976 87.64174623
625 2394 208619.00000000 30.52781808 114.35073680 75.83362402
626 2394 208620.00000000 30.52778020 114.35074102 77.38421424
627 2394 208621.00000000 30.52777737 114.35071268 64.00212584
628 2394 208622.00000000 30.52770907 114.35072388 65.68748616
629 2394 208623.00000000 30.52776859 114.35075188 64.49448371
630 2394 208624.00000000 30.52771997 114.35076170 63.20753916
631 2394 208625.00000000 30.52767441 114.35071985 60.21549037
632 2394 208626.00000000 30.52762639 114.35076014 57.09443103
633 2394 208627.00000000 30.52762172 114.35075156 54.24424605
634 2394 208628.00000000 30.52767125 114.35077002 53.16076553
635 2394 208629.00000000 30.52763345 114.35075275 57.19197354
636 2394 208630.00000000 30.52762999 114.35074883 51.22851325
637 2394 208631.00000000 30.52765114 114.35080599 62.55980868
638 2394 208632.00000000 30.52766443 114.35090044 84.13600765
639 2394 208633.00000000 30.52772001 114.35089689 76.05831330
640 2394 208634.00000000 30.52771491 114.35087323 81.23395991
641 2394 208635.00000000 30.52770979 114.35099242 82.02459202
642 2394 208636.00000000 30.52772097 114.35086087 84.39981467
643 2394 208637.00000000 30.52780869 114.35093442 101.44784616
644 2394 208638.00000000 30.52772839 114.35084154 83.32987869
645 2394 208639.00000000 30.52769198 114.35079737 45.32257388
646 2394 208640.00000000 30.52763941 114.35082787 64.89004493
647 2394 208641.00000000 30.52772140 114.35091461 78.12975924
648 2394 208642.00000000 30.52762826 114.35087323 69.92184705
649 2394 208643.00000000 30.52778008 114.35089024 77.94562790
650 2394 208644.00000000 30.52770241 114.35095040 87.47046747
651 2394 208645.00000000 30.52766944 114.35084354 84.78576514
652 2394 208646.00000000 30.52770082 114.35086480 82.15250119
653 2394 208647.00000000 30.52760184 114.35100145 98.35609613
654 2394 208648.00000000 30.52763898 114.35103455 95.44622700
655 2394 208649.00000000 30.52759452 114.35123078 96.61753171
656 2394 208650.00000000 30.52755263 114.35102321 91.94119031
657 2394 208651.00000000 30.52771723 114.35102477 80.10857517
658 2394 208652.00000000 30.52773523 114.35109590 90.97208234
659 2394 208653.00000000 30.52762579 114.35103946 88.15400514
660 2394 208654.00000000 30.52761855 114.35098153 77.07708263
661 2394 208655.00000000 30.52768742 114.35101493 86.72515619
662 2394 208656.00000000 30.52773895 114.35098322 60.64307908
663 2394 208657.00000000 30.52761947 114.35102271 71.75180221
664 2394 208658.00000000 30.52760095 114.35103359 67.48346431
665 2394 208659.00000000 30.52754850 114.35106773 69.30048086
666 2394 208660.00000000 30.52755147 114.35100528 61.83695587
667 2394 208661.00000000 30.52750111 114.35095932 45.40349162
668 2394 208662.00000000 30.52748123 114.35095697 46.78085903
669 2394 208663.00000000 30.52754633 114.35097580 60.09642380
670 2394 208664.00000000 30.52751911 114.35097727 66.63253381
671 2394 208665.00000000 30.52754887 114.35100039 88.71035056
672 2394 208666.00000000 30.52757067 114.35102100 84.36800102
673 2394 208667.00000000 30.52753428 114.35104534 74.71925772
674 2394 208668.00000000 30.52753737 114.35104845 75.91481842
675 2394 208669.00000000 30.52756205 114.35106502 76.74461169
676 2394 208670.00000000 30.52750485 114.35103893 69.30010429
677 2394 208671.00000000 30.52750699 114.35103873 69.59609055
678 2394 208672.00000000 30.52751320 114.35110153 72.11702034
679 2394 208673.00000000 30.52739432 114.35105006 39.61684979
680 2394 208674.00000000 30.52739878 114.35105276 41.82126007
681 2394 208675.00000000 30.52740072 114.35100198 49.58490457
682 2394 208676.00000000 30.52737720 114.35107783 46.55927043
683 2394 208677.00000000 30.52753112 114.35118711 77.46624914
684 2394 208678.00000000 30.52739517 114.35107597 46.97077264
685 2394 208679.00000000 30.52740451 114.35110512 47.24778277
686 2394 208680.00000000 30.52746926 114.35115688 62.48985510
687 2394 208681.00000000 30.52746588 114.35116125 59.21547013
688 2394 208682.00000000 30.52745820 114.35116965 59.81008751
689 2394 208683.00000000 30.52745884 114.35117099 64.36480559
690 2394 208684.00000000 30.52744349 114.35118083 66.51117019
691 2394 208685.00000000 30.52745779 114.35123985 65.50611982
692 2394 208686.00000000 30.52745469 114.35125756 83.11749984
693 2394 208687.00000000 30.52747041 114.35119454 64.81654662
694 2394 208688.00000000 30.52746551 114.35130065 74.50405330
695 2394 208689.00000000 30.52746796 114.35125258 75.86057779
696 2394 208690.00000000 30.52747447 114.35131185 77.79924124
697 2394 208691.00000000 30.52734613 114.35131074 53.98636354
698 2394 208692.00000000 30.52741220 114.35139088 70.94907270
699 2394 208693.00000000 30.52740596 114.35137527 67.90148525
700 2394 208694.00000000 30.52738210 114.35138268 66.91000539
701 2394 208695.00000000 30.52737732 114.35142942 61.96932566
702 2394 208696.00000000 30.52735768 114.35140069 59.20392653
703 2394 208697.00000000 30.52735361 114.35147274 71.53304543
704 2394 208698.00000000 30.52733262 114.35150345 90.71780338
705 2394 208699.00000000 30.52733875 114.35150237 89.08203157
706 2394 208700.00000000 30.52732532 114.35148941 88.61093509
707 2394 208701.00000000 30.52730690 114.35154313 87.29221203
708 2394 208702.00000000 30.52732078 114.35151409 90.36330574
709 2394 208703.00000000 30.52731357 114.35150982 88.99918512
710 2394 208704.00000000 30.52730093 114.35153931 93.68149610
711 2394 208705.00000000 30.52726015 114.35155613 109.82940091
712 2394 208706.00000000 30.52737881 114.35156156 86.12261899
713 2394 208707.00000000 30.52733620 114.35161040 91.93309286
714 2394 208708.00000000 30.52735534 114.35164763 92.49249163
715 2394 208709.00000000 30.52734749 114.35166848 91.58732577
716 2394 208710.00000000 30.52735489 114.35171797 93.94340214
717 2394 208711.00000000 30.52735932 114.35179905 94.96507357
718 2394 208712.00000000 30.52733368 114.35180375 97.21409329
719 2394 208713.00000000 30.52733673 114.35183528 103.34697630
720 2394 208714.00000000 30.52737381 114.35187406 104.32337580
721 2394 208715.00000000 30.52740180 114.35191895 81.03086464
722 2394 208716.00000000 30.52738247 114.35195834 86.10920669
723 2394 208717.00000000 30.52744844 114.35199731 63.70178937
724 2394 208718.00000000 30.52745908 114.35200581 61.39921731
725 2394 208719.00000000 30.52757382 114.35201932 14.67827977
726 2394 208720.00000000 30.52759153 114.35203534 12.05054448
727 2394 208721.00000000 30.52761453 114.35179819 -32.37713537
728 2394 208722.00000000 30.52760686 114.35206227 8.60958030
729 2394 208723.00000000 30.52770021 114.35177362 -37.73343279
730 2394 208724.00000000 30.52772606 114.35202883 13.92820904
731 2394 208725.00000000 30.52781018 114.35212086 38.08664585
732 2394 208726.00000000 30.52784754 114.35218650 49.52021471
733 2394 208727.00000000 30.52788956 114.35221514 65.01672941
734 2394 208728.00000000 30.52794839 114.35219698 80.00987197
735 2394 208729.00000000 30.52798151 114.35219750 84.46343413
736 2394 208730.00000000 30.52798387 114.35218555 88.90182089
737 2394 208731.00000000 30.52796900 114.35217796 89.06248409
738 2394 208732.00000000 30.52794494 114.35219249 91.08661739
739 2394 208733.00000000 30.52791786 114.35222001 97.23982351
740 2394 208734.00000000 30.52791312 114.35222537 97.94266950
741 2394 208735.00000000 30.52795072 114.35223858 111.03984335
742 2394 208736.00000000 30.52795975 114.35221638 104.98646724
743 2394 208737.00000000 30.52799170 114.35219423 109.21356317
744 2394 208738.00000000 30.52799912 114.35219210 112.63231457
745 2394 210830.00000000 30.53015495 114.35611646 8.03116771
746 2394 210831.00000000 30.53017477 114.35608596 2.09269175
747 2394 210832.00000000 30.53011625 114.35610506 16.26438293
748 2394 210833.00000000 30.53009591 114.35609981 27.88302091
749 2394 210834.00000000 30.53014814 114.35605049 22.75949314
750 2394 210835.00000000 30.53019532 114.35604759 25.97136856
751 2394 210836.00000000 30.53016492 114.35607189 34.19331498
752 2394 210837.00000000 30.53013426 114.35608756 41.50099544
753 2394 210838.00000000 30.53013292 114.35609162 35.12005127
754 2394 210839.00000000 30.53010798 114.35610556 46.61765121
755 2394 210840.00000000 30.53012666 114.35613861 35.33802804
756 2394 210841.00000000 30.53013666 114.35610500 38.61161225
757 2394 210842.00000000 30.53014922 114.35611062 36.90684829
758 2394 210843.00000000 30.53021476 114.35609728 25.50588046
759 2394 210844.00000000 30.53022825 114.35609437 27.19731876
760 2394 210845.00000000 30.53024603 114.35607723 33.32837765
761 2394 210846.00000000 30.53025717 114.35606043 33.73736495
762 2394 210847.00000000 30.53026029 114.35606964 38.65343278
763 2394 210848.00000000 30.53028514 114.35601478 37.65206894
764 2394 210849.00000000 30.53027933 114.35602393 42.64895760
765 2394 210850.00000000 30.53028880 114.35603853 40.80574166
766 2394 210851.00000000 30.53031086 114.35605490 32.95344304
767 2394 210852.00000000 30.53032508 114.35608858 24.47577467
768 2394 210853.00000000 30.53034950 114.35605411 24.42490999
769 2394 210854.00000000 30.53032709 114.35605411 33.23426754
770 2394 210855.00000000 30.53032600 114.35605410 33.51153043
771 2394 210856.00000000 30.53032544 114.35604911 36.98538638
772 2394 210857.00000000 30.53038279 114.35605657 26.68949477
773 2394 210858.00000000 30.53035297 114.35606129 31.04604261
774 2394 210859.00000000 30.53036416 114.35605806 33.13168576
775 2394 210860.00000000 30.53037675 114.35604197 29.98234218
776 2394 210861.00000000 30.53036305 114.35605994 29.98224948
777 2394 210862.00000000 30.53039920 114.35607383 22.65468017
778 2394 210863.00000000 30.53040168 114.35606465 27.47279615
779 2394 210864.00000000 30.53040241 114.35607303 33.82281544
780 2394 210865.00000000 30.53042681 114.35609172 20.57470041
781 2394 210866.00000000 30.53044918 114.35609046 10.58158962
782 2394 210867.00000000 30.53043594 114.35607991 11.38052960
783 2394 210868.00000000 30.53042044 114.35605284 28.97330983
784 2394 210869.00000000 30.53043061 114.35607405 29.74937076
785 2394 210870.00000000 30.53043992 114.35604903 30.39607881
786 2394 210871.00000000 30.53042942 114.35608144 36.34537414
787 2394 210872.00000000 30.53042585 114.35607225 40.10367556
788 2394 210873.00000000 30.53043632 114.35610104 37.47624072
789 2394 210874.00000000 30.53047584 114.35607938 24.68094651
790 2394 210875.00000000 30.53048222 114.35610229 19.67229794
791 2394 210876.00000000 30.53045631 114.35609469 29.93536279
792 2394 210877.00000000 30.53042726 114.35608433 47.46148589
793 2394 210878.00000000 30.53048324 114.35608630 32.31731496
794 2394 210879.00000000 30.53046703 114.35606172 38.43320296
795 2394 210880.00000000 30.53050493 114.35606691 31.69470681
796 2394 210881.00000000 30.53053672 114.35606557 24.09512826
797 2394 210882.00000000 30.53055662 114.35606422 17.97803429
798 2394 210883.00000000 30.53054810 114.35605562 24.12995944
799 2394 210884.00000000 30.53055052 114.35607984 25.88066334
800 2394 210885.00000000 30.53054979 114.35607992 28.11181982
801 2394 210886.00000000 30.53055041 114.35606791 32.27768472
802 2394 210887.00000000 30.53057363 114.35604391 30.86112743
803 2394 210888.00000000 30.53054948 114.35600146 36.58770953
804 2394 210889.00000000 30.53055701 114.35601272 41.48109729
805 2394 210890.00000000 30.53060899 114.35599836 29.68444433
806 2394 210891.00000000 30.53060426 114.35595965 32.72529690
807 2394 210892.00000000 30.53062646 114.35595811 33.88151722
808 2394 210893.00000000 30.53063986 114.35592290 33.74900768
809 2394 210894.00000000 30.53062051 114.35589794 43.38841816
810 2394 210895.00000000 30.53065083 114.35588504 41.32677345
811 2394 210896.00000000 30.53062857 114.35584865 57.12213282
812 2394 210897.00000000 30.53065944 114.35585641 47.61590620
813 2394 210898.00000000 30.53066250 114.35585511 52.75292379
814 2394 210899.00000000 30.53064693 114.35585118 57.94978047
815 2394 210900.00000000 30.53065522 114.35584669 60.64697233
816 2394 210901.00000000 30.53068113 114.35584828 53.72148963
817 2394 210902.00000000 30.53070455 114.35583560 40.46849120
818 2394 210903.00000000 30.53068363 114.35582544 46.94093539
819 2394 210904.00000000 30.53067641 114.35583868 55.94478422
820 2394 210905.00000000 30.53067653 114.35580946 64.31758903
821 2394 210906.00000000 30.53066870 114.35579346 66.73347180
822 2394 210907.00000000 30.53066588 114.35579958 70.60554100
823 2394 210908.00000000 30.53067998 114.35579221 68.50271143
824 2394 210909.00000000 30.53068524 114.35579384 65.98950058
825 2394 210910.00000000 30.53067140 114.35579727 68.74436801
826 2394 210911.00000000 30.53065875 114.35580785 66.41900125
827 2394 210912.00000000 30.53065622 114.35579471 70.86063629
828 2394 210913.00000000 30.53066933 114.35579173 69.87229783
829 2394 210914.00000000 30.53069141 114.35576015 54.52820648
830 2394 210915.00000000 30.53071062 114.35575404 52.55440500
831 2394 210916.00000000 30.53071623 114.35573521 51.60472274
832 2394 210917.00000000 30.53076087 114.35574453 42.49813280
833 2394 210918.00000000 30.53073142 114.35575918 44.05783992
834 2394 210919.00000000 30.53075420 114.35571833 41.42031716
835 2394 210920.00000000 30.53075696 114.35570301 36.99758594
836 2394 210921.00000000 30.53075266 114.35569639 42.36466671
837 2394 210922.00000000 30.53076775 114.35568862 41.48143312
838 2394 210923.00000000 30.53078984 114.35566168 32.93040275
839 2394 210924.00000000 30.53082088 114.35565768 17.75290583
840 2394 210925.00000000 30.53087761 114.35565104 -3.44079679
841 2394 210926.00000000 30.53089323 114.35564552 -11.42156746
842 2394 210927.00000000 30.53092255 114.35562413 -20.89395723
843 2394 210928.00000000 30.53092239 114.35561601 -23.63266400
844 2394 210929.00000000 30.53090613 114.35560870 -14.19705265
845 2394 210930.00000000 30.53089887 114.35557386 -10.92168245
846 2394 210931.00000000 30.53089702 114.35556688 -14.74741303
847 2394 210932.00000000 30.53088383 114.35557501 -9.16348276
848 2394 210933.00000000 30.53085108 114.35556869 4.36188977
849 2394 210934.00000000 30.53082432 114.35556627 5.88871962
850 2394 210935.00000000 30.53077960 114.35555033 14.26913348
851 2394 210936.00000000 30.53078624 114.35557562 15.00595668
852 2394 210937.00000000 30.53078953 114.35554670 13.04241567
853 2394 210938.00000000 30.53078394 114.35554858 14.96417485
854 2394 210939.00000000 30.53077413 114.35550871 20.25914627
855 2394 210940.00000000 30.53078538 114.35551693 20.53089987
856 2394 210941.00000000 30.53075702 114.35551954 28.49830048
857 2394 210942.00000000 30.53074381 114.35547241 29.89030878
858 2394 210943.00000000 30.53074291 114.35546181 31.10358099
859 2394 210944.00000000 30.53073073 114.35545761 35.23690512
860 2394 210945.00000000 30.53070171 114.35545522 32.38451134
861 2394 210946.00000000 30.53069752 114.35544592 38.61121778
862 2394 210947.00000000 30.53073251 114.35543666 34.47962979
863 2394 210948.00000000 30.53073547 114.35539329 32.55809051
864 2394 210949.00000000 30.53069768 114.35539164 35.02802284
865 2394 210950.00000000 30.53067671 114.35537585 38.52502422
866 2394 210951.00000000 30.53068389 114.35537017 38.16795107
867 2394 210952.00000000 30.53067451 114.35537364 33.89552799
868 2394 210953.00000000 30.53063671 114.35537377 39.38740487
869 2394 210954.00000000 30.53062045 114.35537225 45.16713932
870 2394 210955.00000000 30.53061093 114.35535263 49.07851228
871 2394 210956.00000000 30.53056697 114.35535845 55.48209427
872 2394 210957.00000000 30.53056041 114.35532342 59.27288834
873 2394 210958.00000000 30.53054721 114.35527519 58.08008708
874 2394 210959.00000000 30.53053287 114.35528777 65.56038401
875 2394 210960.00000000 30.53053409 114.35527088 58.25798442
876 2394 210961.00000000 30.53057504 114.35525082 47.69183176
877 2394 210962.00000000 30.53061542 114.35523282 35.45806446
878 2394 210963.00000000 30.53063300 114.35520482 24.87159255
879 2394 210964.00000000 30.53063381 114.35522037 15.75738987
880 2394 210965.00000000 30.53058153 114.35524036 23.26969957
881 2394 210966.00000000 30.53056317 114.35524847 24.20449189
882 2394 210967.00000000 30.53055106 114.35522828 23.63270148
883 2394 210968.00000000 30.53058103 114.35521375 19.40729705
884 2394 210969.00000000 30.53056391 114.35521752 26.71851830
885 2394 210970.00000000 30.53052211 114.35523624 34.15486038
886 2394 210971.00000000 30.53053172 114.35524230 25.66217605
887 2394 210972.00000000 30.53053701 114.35521950 29.58631602
888 2394 210973.00000000 30.53053939 114.35520009 29.50269894
889 2394 210974.00000000 30.53052072 114.35520205 26.39646320
890 2394 210975.00000000 30.53054269 114.35523692 18.05892819
891 2394 210976.00000000 30.53048759 114.35521697 23.09885276
892 2394 210977.00000000 30.53045813 114.35520756 18.74254950
893 2394 210978.00000000 30.53041502 114.35519125 28.72797533
894 2394 210979.00000000 30.53039221 114.35518167 31.28424562
895 2394 210980.00000000 30.53039764 114.35516425 33.39522205
896 2394 210981.00000000 30.53038324 114.35521293 36.52345432
897 2394 210982.00000000 30.53038575 114.35521074 33.44880132
898 2394 210983.00000000 30.53034578 114.35520878 31.82676167
899 2394 210984.00000000 30.53031637 114.35522090 37.29444345
900 2394 210985.00000000 30.53031071 114.35521413 44.64444401
901 2394 210986.00000000 30.53029270 114.35521738 46.80614682
902 2394 210987.00000000 30.53031399 114.35522914 47.18515825
903 2394 210988.00000000 30.53029276 114.35520736 50.11636666
904 2394 210989.00000000 30.53027906 114.35517708 59.94446083
905 2394 210990.00000000 30.53023652 114.35518774 64.93462797
906 2394 210991.00000000 30.53022520 114.35521410 78.39137636
907 2394 210992.00000000 30.53021360 114.35521767 78.78896828
908 2394 210993.00000000 30.53023042 114.35525160 93.13423468
909 2394 210994.00000000 30.53021784 114.35524235 88.27496570
910 2394 210995.00000000 30.53029553 114.35529082 55.43033976
911 2394 210996.00000000 30.53031338 114.35532105 60.97351688
912 2394 210997.00000000 30.53031052 114.35527945 36.78593612
913 2394 210998.00000000 30.53029138 114.35530188 60.14115310
914 2394 210999.00000000 30.53023480 114.35526235 61.99263904
915 2394 211000.00000000 30.53019475 114.35529918 79.59919922
916 2394 211001.00000000 30.53018445 114.35523941 72.64665647
917 2394 211002.00000000 30.53016710 114.35523194 74.22420360
918 2394 211003.00000000 30.53013774 114.35523892 77.37787063
919 2394 211004.00000000 30.53012869 114.35526817 88.73865863
920 2394 211005.00000000 30.53011445 114.35526233 77.18085791
921 2394 211006.00000000 30.53011270 114.35529870 81.01278282
922 2394 211007.00000000 30.53012300 114.35530374 86.03133208
923 2394 211008.00000000 30.53011631 114.35523470 73.56342962
924 2394 211009.00000000 30.53008404 114.35534489 72.60085518
925 2394 211010.00000000 30.53008324 114.35542352 69.14866252
926 2394 211011.00000000 30.53010425 114.35544356 76.40651681
927 2394 211012.00000000 30.53009953 114.35546641 71.45918426
928 2394 211013.00000000 30.53004195 114.35540657 40.52548801
929 2394 211014.00000000 30.53003511 114.35539990 46.16863486
930 2394 211015.00000000 30.53002471 114.35537504 44.07411659
931 2394 211016.00000000 30.53003030 114.35538951 44.90069329
932 2394 211017.00000000 30.53001008 114.35535065 44.36213410
933 2394 211018.00000000 30.52999226 114.35534127 38.62477601
934 2394 211019.00000000 30.52998241 114.35534666 32.48569466
935 2394 211020.00000000 30.52996990 114.35533416 41.04917050
936 2394 211021.00000000 30.52997810 114.35531565 35.43764319
937 2394 211022.00000000 30.52998961 114.35533386 43.27483584
938 2394 211023.00000000 30.52997918 114.35530752 39.82700212
939 2394 211024.00000000 30.52995746 114.35528332 38.31520584
940 2394 211025.00000000 30.52991824 114.35530412 33.45102155
941 2394 211026.00000000 30.52991391 114.35530250 26.54019906
942 2394 211027.00000000 30.52992042 114.35533436 26.58887899
943 2394 211028.00000000 30.52991742 114.35532591 28.51548681
944 2394 211029.00000000 30.52992654 114.35531077 24.36453577
945 2394 211030.00000000 30.52992622 114.35531952 18.44565691
946 2394 211031.00000000 30.52990592 114.35532023 21.01437833
947 2394 211032.00000000 30.52985127 114.35533509 23.78604056
948 2394 211033.00000000 30.52980617 114.35535219 35.83619098
949 2394 211034.00000000 30.52977371 114.35535216 48.64421615
950 2394 211035.00000000 30.52974946 114.35535324 46.86488196
951 2394 211036.00000000 30.52972730 114.35537086 50.34790889
952 2394 211037.00000000 30.52973195 114.35533682 53.07621083
953 2394 211038.00000000 30.52972009 114.35532760 45.87527725
954 2394 211039.00000000 30.52971201 114.35531592 39.06951328
955 2394 211040.00000000 30.52972822 114.35528251 39.98712803
956 2394 211041.00000000 30.52974694 114.35529875 38.74628890
957 2394 211042.00000000 30.52974797 114.35527183 17.11954379
958 2394 211043.00000000 30.52974783 114.35526006 12.20798172
959 2394 211044.00000000 30.52978720 114.35523571 -4.13439878
960 2394 211045.00000000 30.52975396 114.35525358 -10.81367176
961 2394 211046.00000000 30.52974139 114.35525674 -10.90086027
962 2394 211047.00000000 30.52975451 114.35523637 -11.13086089
963 2394 211048.00000000 30.52976396 114.35521561 -14.62009448
964 2394 211049.00000000 30.52973706 114.35523539 -18.62651164
965 2394 211050.00000000 30.52972688 114.35523812 -19.80505065
966 2394 211051.00000000 30.52973036 114.35523907 -18.88275918
967 2394 211052.00000000 30.52972063 114.35528101 -5.10627410
968 2394 211053.00000000 30.52970112 114.35527352 -4.10616139
969 2394 211054.00000000 30.52965967 114.35521598 -11.54282373
970 2394 211055.00000000 30.52962847 114.35523491 -1.87734727
971 2394 211056.00000000 30.52961932 114.35525687 -0.68508250
972 2394 211057.00000000 30.52963646 114.35522493 11.32899773
973 2394 211058.00000000 30.52958665 114.35527884 7.44980372
974 2394 211059.00000000 30.52956469 114.35528193 19.57995930
975 2394 211060.00000000 30.52954813 114.35534806 31.98067350
976 2394 211061.00000000 30.52950020 114.35530764 36.48480413
977 2394 211062.00000000 30.52948381 114.35528398 41.69466089
978 2394 211063.00000000 30.52946847 114.35527490 38.07510077
979 2394 211064.00000000 30.52944514 114.35526388 40.48546268
980 2394 211065.00000000 30.52938477 114.35528314 46.73921090
981 2394 211066.00000000 30.52938570 114.35527683 31.79802355
982 2394 211067.00000000 30.52937333 114.35527012 53.49170322
983 2394 211068.00000000 30.52935728 114.35528606 62.24047120
984 2394 211069.00000000 30.52930701 114.35530008 71.43243114
985 2394 211070.00000000 30.52932915 114.35531513 36.87562492
986 2394 211071.00000000 30.52934234 114.35530024 31.06576161
987 2394 211072.00000000 30.52937492 114.35528646 11.73882999
988 2394 211073.00000000 30.52943270 114.35527517 -10.36197304
989 2394 211074.00000000 30.52940485 114.35530575 -9.89134522
990 2394 211075.00000000 30.52943668 114.35528461 -9.95667059
991 2394 211076.00000000 30.52937483 114.35531477 23.28495892
992 2394 211077.00000000 30.52927386 114.35534850 14.00425225
993 2394 211078.00000000 30.52926413 114.35531957 16.73888228
994 2394 211079.00000000 30.52927123 114.35535745 25.32306386
995 2394 211080.00000000 30.52931889 114.35531502 15.28552593
996 2394 211081.00000000 30.52933611 114.35530320 1.65476618
997 2394 211082.00000000 30.52931500 114.35532445 17.58605941
998 2394 211083.00000000 30.52929111 114.35533647 16.62239318
999 2394 211084.00000000 30.52930792 114.35534578 12.97933982
1000 2394 211085.00000000 30.52928982 114.35536810 9.67015480
1001 2394 211086.00000000 30.52926313 114.35541564 11.66138142
1002 2394 211087.00000000 30.52926541 114.35540739 21.75752294
1003 2394 211088.00000000 30.52923531 114.35544135 15.43864288
1004 2394 211089.00000000 30.52931167 114.35541722 13.36093409
1005 2394 211090.00000000 30.52929636 114.35543642 12.63923047
1006 2394 211091.00000000 30.52929852 114.35545491 14.24504267
1007 2394 211092.00000000 30.52930190 114.35547349 8.14051739
1008 2394 211093.00000000 30.52934714 114.35545748 1.88513763
1009 2394 211094.00000000 30.52925357 114.35550862 36.22820095
1010 2394 211095.00000000 30.52926223 114.35552731 36.64886451
1011 2394 211096.00000000 30.52920759 114.35555175 38.01737442
1012 2394 211097.00000000 30.52922723 114.35554766 41.40798941
1013 2394 211098.00000000 30.52927057 114.35555171 37.95587423
1014 2394 211099.00000000 30.52925043 114.35559453 34.04058387
1015 2394 211100.00000000 30.52926553 114.35559146 32.16414440
1016 2394 211101.00000000 30.52927376 114.35561564 32.44885054
1017 2394 211102.00000000 30.52931471 114.35561030 34.43719202
1018 2394 211103.00000000 30.52932004 114.35563707 27.15036013
1019 2394 211104.00000000 30.52932635 114.35566369 32.50936638
1020 2394 211105.00000000 30.52929631 114.35562163 29.99866018
1021 2394 211106.00000000 30.52930363 114.35565647 26.11601686
1022 2394 211107.00000000 30.52934600 114.35569153 17.87897131
1023 2394 211108.00000000 30.52936011 114.35570494 15.71032632
1024 2394 211109.00000000 30.52932431 114.35571203 16.58858138
1025 2394 211110.00000000 30.52935684 114.35573928 22.36011301
1026 2394 211111.00000000 30.52934335 114.35577138 23.63286593
1027 2394 211112.00000000 30.52932872 114.35576083 22.09281600
1028 2394 211113.00000000 30.52930398 114.35575762 24.62117958
1029 2394 211114.00000000 30.52928287 114.35578318 19.75208220
1030 2394 211115.00000000 30.52933582 114.35577912 31.78153964
1031 2394 211116.00000000 30.52933399 114.35578933 34.91889528
1032 2394 211117.00000000 30.52933763 114.35577955 35.45511055
1033 2394 211118.00000000 30.52930330 114.35579706 30.44952361
1034 2394 211119.00000000 30.52933016 114.35581156 33.24755754
1035 2394 211120.00000000 30.52932027 114.35582758 35.51437239
1036 2394 211121.00000000 30.52928795 114.35584861 29.00433093
1037 2394 211122.00000000 30.52930872 114.35588404 30.87597933
1038 2394 211123.00000000 30.52940674 114.35592326 39.69247396
1039 2394 211124.00000000 30.52929320 114.35595747 29.33355740
1040 2394 211125.00000000 30.52931521 114.35596952 34.82559917
1041 2394 211126.00000000 30.52933721 114.35598045 35.32233313
1042 2394 211127.00000000 30.52933476 114.35598187 35.49690251
1043 2394 211128.00000000 30.52935753 114.35600838 38.07016557
1044 2394 211129.00000000 30.52936851 114.35600390 38.51879750
1045 2394 211130.00000000 30.52937818 114.35602290 35.56666460
1046 2394 211131.00000000 30.52939981 114.35604399 37.60766124
1047 2394 211132.00000000 30.52940056 114.35606293 35.88327949
1048 2394 211133.00000000 30.52940835 114.35606857 33.31750168
1049 2394 211134.00000000 30.52942493 114.35607340 32.09294830
1050 2394 211135.00000000 30.52942531 114.35607992 27.35354618
1051 2394 211136.00000000 30.52943724 114.35609675 24.14983734
1052 2394 211137.00000000 30.52950055 114.35611678 30.22093849
1053 2394 211138.00000000 30.52949543 114.35611051 33.58762385
1054 2394 211139.00000000 30.52949372 114.35610482 30.52908675
1055 2394 211140.00000000 30.52949991 114.35612839 30.39363835
1056 2394 211141.00000000 30.52949859 114.35609387 29.71457986
1057 2394 211142.00000000 30.52948780 114.35608838 29.55301369
1058 2394 211143.00000000 30.52947393 114.35606223 31.58636797
1059 2394 211144.00000000 30.52946854 114.35604366 33.50728516
1060 2394 211145.00000000 30.52945510 114.35602976 31.26764538
1061 2394 211146.00000000 30.52947726 114.35603332 28.98603388
1062 2394 211147.00000000 30.52947354 114.35602296 32.56356043
1063 2394 211148.00000000 30.52949438 114.35603486 32.05690685
1064 2394 211149.00000000 30.52951076 114.35602597 33.16073957
1065 2394 211150.00000000 30.52950693 114.35600715 35.10163934
1066 2394 211151.00000000 30.52950729 114.35604772 32.21149750
1067 2394 211152.00000000 30.52952180 114.35604781 33.62905491
1068 2394 211153.00000000 30.52953037 114.35605526 36.66173219
1069 2394 211154.00000000 30.52953576 114.35606134 36.00190888
1070 2394 211155.00000000 30.52957305 114.35608393 29.48576206
1071 2394 211156.00000000 30.52958559 114.35608204 32.63161345
1072 2394 211157.00000000 30.52958982 114.35610467 29.42279822
1073 2394 211158.00000000 30.52958114 114.35612655 26.85079535
1074 2394 211159.00000000 30.52957516 114.35610515 29.20769453
1075 2394 211160.00000000 30.52958430 114.35612940 25.29970514
1076 2394 211161.00000000 30.52961574 114.35612077 25.32800008
1077 2394 211162.00000000 30.52962852 114.35614635 24.08734685
1078 2394 211163.00000000 30.52965529 114.35617281 19.97866066
1079 2394 211164.00000000 30.52966851 114.35616716 15.80214525
1080 2394 211165.00000000 30.52965333 114.35617286 18.44139394
1081 2394 211166.00000000 30.52967233 114.35614561 21.75349266
1082 2394 211167.00000000 30.52970065 114.35614812 18.32922171
1083 2394 211168.00000000 30.52974834 114.35614385 18.21251877
1084 2394 211169.00000000 30.52975103 114.35613759 20.27450273
1085 2394 211170.00000000 30.52975291 114.35612917 26.19671538
1086 2394 211171.00000000 30.52977216 114.35613713 27.53521593
1087 2394 211172.00000000 30.52977509 114.35616115 24.32526509
1088 2394 211173.00000000 30.52979112 114.35615610 22.80964549
1089 2394 211174.00000000 30.52980407 114.35610857 25.03979122
1090 2394 211175.00000000 30.52980858 114.35610327 25.68148346
1091 2394 211176.00000000 30.52982529 114.35612474 26.13580514
1092 2394 211177.00000000 30.52983934 114.35610924 31.38963408
1093 2394 211178.00000000 30.52983969 114.35610281 32.18717263
1094 2394 211179.00000000 30.52983603 114.35609842 30.46046964
1095 2394 211180.00000000 30.52985875 114.35612813 29.24498130
1096 2394 211181.00000000 30.52986174 114.35610210 30.07907933
1097 2394 211182.00000000 30.52987403 114.35608777 28.81119032
1098 2394 211183.00000000 30.52989249 114.35611545 27.02802662
1099 2394 211184.00000000 30.52992600 114.35610641 27.33542791
1100 2394 211185.00000000 30.52992280 114.35611074 27.33290530
1101 2394 211186.00000000 30.52992567 114.35608767 29.04880141
1102 2394 211187.00000000 30.52992931 114.35606480 34.37827989
1103 2394 211188.00000000 30.52994792 114.35607497 30.48883358
1104 2394 211189.00000000 30.52996997 114.35606761 31.87458393
1105 2394 211190.00000000 30.53001017 114.35609475 33.38585043
1106 2394 211191.00000000 30.53004006 114.35607915 37.98227706
1107 2394 211192.00000000 30.53006359 114.35605479 41.98368162
1108 2394 211193.00000000 30.53005542 114.35606071 39.89901081
1109 2394 211194.00000000 30.53007181 114.35608147 37.35343077
1110 2394 211195.00000000 30.53006651 114.35607320 37.87809585
1111 2394 211196.00000000 30.53006365 114.35608241 37.07183319
1112 2394 211197.00000000 30.53008816 114.35609964 34.19184225
1113 2394 211198.00000000 30.53010274 114.35611227 27.83577305
1114 2394 211199.00000000 30.53010889 114.35611025 25.97713658
1115 2394 211200.00000000 30.53012936 114.35611862 26.28018234
1116 2394 211201.00000000 30.53013668 114.35613319 26.02502182
1117 2394 211202.00000000 30.53015310 114.35612566 25.96315954
1118 2394 211203.00000000 30.53015634 114.35612144 28.82443926
1119 2394 211204.00000000 30.53017283 114.35615716 24.66991571
1120 2394 211205.00000000 30.53018158 114.35613991 24.46731196
1121 2394 211206.00000000 30.53018640 114.35612701 23.49196606
1122 2394 211207.00000000 30.53019940 114.35616205 19.24407462
1123 2394 211208.00000000 30.53019799 114.35614076 19.79807054
1124 2394 211209.00000000 30.53019915 114.35613318 23.86553723
1125 2394 211210.00000000 30.53020260 114.35611603 24.69316194
1126 2394 211211.00000000 30.53022655 114.35614247 25.06462800
1127 2394 211212.00000000 30.53025346 114.35614386 24.31589987
1128 2394 211213.00000000 30.53028028 114.35614725 23.41516520
1129 2394 211214.00000000 30.53030098 114.35615695 20.32900227
1130 2394 211215.00000000 30.53035215 114.35616587 16.80169573
1131 2394 211216.00000000 30.53032381 114.35615411 16.16168083
1132 2394 211217.00000000 30.53034798 114.35609611 22.90738634
1133 2394 211218.00000000 30.53036462 114.35610471 24.37283644
1134 2394 211219.00000000 30.53036710 114.35611187 20.40590567
1135 2394 211220.00000000 30.53038072 114.35609607 22.09570958
1136 2394 211221.00000000 30.53040218 114.35611894 19.97036316
1137 2394 211222.00000000 30.53043020 114.35607809 23.68459066
1138 2394 211223.00000000 30.53045375 114.35609550 21.34008264
1139 2394 211224.00000000 30.53046612 114.35608030 24.86354046
1140 2394 211225.00000000 30.53045454 114.35607717 25.39481514
1141 2394 211226.00000000 30.53046310 114.35605900 30.47195911
1142 2394 211227.00000000 30.53046298 114.35607326 28.49092037
1143 2394 211228.00000000 30.53044499 114.35606046 32.18537163
1144 2394 211229.00000000 30.53046679 114.35608365 32.21972755
1145 2394 211230.00000000 30.53048092 114.35610516 30.49168824
1146 2394 211231.00000000 30.53049881 114.35608321 33.19015553
1147 2394 211232.00000000 30.53054051 114.35610828 30.61849104
1148 2394 211233.00000000 30.53055626 114.35610573 33.60087029
1149 2394 211234.00000000 30.53053751 114.35607279 39.70897241
1150 2394 211235.00000000 30.53053555 114.35605140 43.10140050
1151 2394 211236.00000000 30.53053502 114.35606121 40.26674195
1152 2394 211237.00000000 30.53052624 114.35603331 42.15279806
1153 2394 211238.00000000 30.53054876 114.35603347 44.08324751
1154 2394 211239.00000000 30.53055676 114.35604084 42.91261912
1155 2394 211240.00000000 30.53058572 114.35602785 41.86400780
1156 2394 211241.00000000 30.53059874 114.35603828 40.14801461
1157 2394 211242.00000000 30.53058742 114.35601815 43.45955441
1158 2394 211243.00000000 30.53057664 114.35600203 43.82689609
1159 2394 211244.00000000 30.53057608 114.35597510 49.02013649
1160 2394 211245.00000000 30.53059499 114.35594942 49.58489423
1161 2394 211246.00000000 30.53058041 114.35593924 53.30959785
1162 2394 211247.00000000 30.53058241 114.35595169 47.60777674
1163 2394 211248.00000000 30.53060555 114.35590707 50.96330053
1164 2394 211249.00000000 30.53060603 114.35590497 49.58759027
1165 2394 211250.00000000 30.53058369 114.35589426 54.79081212
1166 2394 211251.00000000 30.53060843 114.35592881 49.53043768
1167 2394 211252.00000000 30.53063008 114.35591585 52.91574519
1168 2394 211253.00000000 30.53061125 114.35587874 55.11803548
1169 2394 211254.00000000 30.53060176 114.35587509 60.59293178
1170 2394 211255.00000000 30.53061411 114.35586458 63.50013520
1171 2394 211256.00000000 30.53061787 114.35584464 66.82290967
1172 2394 211257.00000000 30.53063230 114.35582702 68.31664509
1173 2394 211258.00000000 30.53065617 114.35582214 68.84562447
1174 2394 211259.00000000 30.53065208 114.35580244 76.33512708
1175 2394 211260.00000000 30.53064096 114.35582023 73.65568451
1176 2394 211261.00000000 30.53064430 114.35582914 71.21377558
1177 2394 211262.00000000 30.53065937 114.35583259 65.22593274
1178 2394 211263.00000000 30.53063631 114.35581831 65.57008910
1179 2394 211264.00000000 30.53063683 114.35581227 70.10415507
1180 2394 211265.00000000 30.53064913 114.35582500 66.60823194
1181 2394 211266.00000000 30.53066201 114.35581791 65.69517917
1182 2394 211267.00000000 30.53067398 114.35582994 58.41130752
1183 2394 211268.00000000 30.53065073 114.35579082 66.77379799
1184 2394 211269.00000000 30.53066027 114.35577799 63.57249831
1185 2394 211270.00000000 30.53065800 114.35574416 71.62984248
1186 2394 211271.00000000 30.53063859 114.35570894 75.43034134
1187 2394 211272.00000000 30.53065130 114.35571536 79.21668125
1188 2394 211273.00000000 30.53061620 114.35570098 83.92705585
1189 2394 211274.00000000 30.53058232 114.35569091 93.56906954
1190 2394 211275.00000000 30.53055005 114.35566641 108.93896352
1191 2394 211276.00000000 30.53057014 114.35564261 105.71473834
1192 2394 211277.00000000 30.53055873 114.35562674 113.62301859
1193 2394 211278.00000000 30.53056121 114.35562326 110.63231737
1194 2394 211279.00000000 30.53054952 114.35563382 102.91122367
1195 2394 211280.00000000 30.53051084 114.35564126 101.70205998
1196 2394 211281.00000000 30.53051428 114.35563211 117.10624807
1197 2394 211282.00000000 30.53050207 114.35563367 118.77491994
1198 2394 211283.00000000 30.53047060 114.35562362 122.33319741
1199 2394 211284.00000000 30.53045108 114.35559502 127.08963485
1200 2394 211285.00000000 30.53042766 114.35557482 136.71285589
1201 2394 211286.00000000 30.53044596 114.35557682 135.22120664
1202 2394 211287.00000000 30.53042337 114.35557755 133.35988153
1203 2394 211288.00000000 30.53041146 114.35553385 136.34671775
1204 2394 211289.00000000 30.53042198 114.35550600 141.99046271
1205 2394 211290.00000000 30.53042189 114.35550326 135.46449920
1206 2394 211291.00000000 30.53041494 114.35548340 141.13514451
1207 2394 211292.00000000 30.53038699 114.35548331 139.00540141
1208 2394 211293.00000000 30.53038237 114.35547178 140.10814928
1209 2394 211294.00000000 30.53037995 114.35544639 137.20532598
1210 2394 211295.00000000 30.53037877 114.35545313 139.03694545
1211 2394 211296.00000000 30.53036562 114.35543044 133.39288267
1212 2394 211297.00000000 30.53035745 114.35540159 133.35457392
1213 2394 211298.00000000 30.53036088 114.35538141 134.81836112
1214 2394 211299.00000000 30.53037205 114.35540372 120.71135209
1215 2394 211300.00000000 30.53036530 114.35539917 122.06041619
1216 2394 211301.00000000 30.53035066 114.35539482 119.91565846
1217 2394 211302.00000000 30.53036732 114.35536532 120.31954235
1218 2394 211303.00000000 30.53037106 114.35537910 117.46218102
1219 2394 211304.00000000 30.53036941 114.35537123 108.16090903
1220 2394 211305.00000000 30.53036064 114.35536969 106.70383730
1221 2394 211306.00000000 30.53036010 114.35536595 105.70349732
1222 2394 211307.00000000 30.53036275 114.35537860 95.26768798
1223 2394 211308.00000000 30.53033746 114.35535456 97.22766450
1224 2394 211309.00000000 30.53036030 114.35536414 89.28571934
1225 2394 211310.00000000 30.53034930 114.35533274 82.76295445
1226 2394 211311.00000000 30.53035641 114.35531448 70.42139709
1227 2394 211312.00000000 30.53035008 114.35532211 64.02171269
1228 2394 211313.00000000 30.53034851 114.35530285 60.21699803
1229 2394 211314.00000000 30.53034903 114.35528216 61.89528033
1230 2394 211315.00000000 30.53031955 114.35528812 62.66209904
1231 2394 211316.00000000 30.53032280 114.35528812 58.62572405
1232 2394 211317.00000000 30.53030545 114.35526733 60.19445406
1233 2394 211318.00000000 30.53030168 114.35528591 65.11570391
1234 2394 211319.00000000 30.53027713 114.35524105 62.06073940
1235 2394 211320.00000000 30.53023233 114.35527203 60.45173325
1236 2394 211321.00000000 30.53023899 114.35527832 61.79660892
1237 2394 211322.00000000 30.53026507 114.35525033 65.72949848
1238 2394 211323.00000000 30.53025120 114.35525169 63.78843090
1239 2394 211324.00000000 30.53022144 114.35522784 62.02531472
1240 2394 211325.00000000 30.53021199 114.35523395 72.35607283
1241 2394 211326.00000000 30.53017605 114.35523203 76.96259318
1242 2394 211327.00000000 30.53016122 114.35525272 75.35471374
1243 2394 211328.00000000 30.53015638 114.35525199 76.37478073
1244 2394 211329.00000000 30.53011152 114.35532204 77.37241774
1245 2394 211330.00000000 30.53011484 114.35527488 84.56833577
1246 2394 211331.00000000 30.53006376 114.35531835 85.92212776
1247 2394 211332.00000000 30.53004401 114.35533799 91.03573636
1248 2394 211333.00000000 30.53004456 114.35541157 98.26705442
1249 2394 211334.00000000 30.53003327 114.35530050 107.38059154
1250 2394 211335.00000000 30.53001830 114.35530883 112.78595334
1251 2394 211336.00000000 30.53000856 114.35533030 114.54413523
1252 2394 211337.00000000 30.52999590 114.35531765 114.87930949
1253 2394 211338.00000000 30.53000117 114.35535959 119.25691064
1254 2394 211339.00000000 30.52999690 114.35543254 124.88017378
1255 2394 211340.00000000 30.53000997 114.35533960 129.88140641
1256 2394 211341.00000000 30.52998007 114.35533566 130.69453872
1257 2394 211342.00000000 30.52995523 114.35542011 128.37121807
1258 2394 211343.00000000 30.52993990 114.35544067 120.90135536
1259 2394 211344.00000000 30.52997713 114.35539513 129.08881168
1260 2394 211345.00000000 30.52985404 114.35539922 100.40273307
1261 2394 211346.00000000 30.52985012 114.35544317 103.49266632
1262 2394 211347.00000000 30.52985889 114.35548821 111.78596069
1263 2394 211348.00000000 30.52984592 114.35544148 108.08183922
1264 2394 211349.00000000 30.52981811 114.35542584 106.85579469
1265 2394 211350.00000000 30.52981407 114.35542601 106.98670422
1266 2394 211351.00000000 30.52980333 114.35541384 106.66544387
1267 2394 211352.00000000 30.52980667 114.35541605 107.98960091
1268 2394 211353.00000000 30.52976887 114.35536424 101.11736803
1269 2394 211354.00000000 30.52975282 114.35538990 100.83020491
1270 2394 211355.00000000 30.52973288 114.35533635 86.17650236
1271 2394 211356.00000000 30.52972600 114.35532811 87.92545716
1272 2394 211357.00000000 30.52972069 114.35532506 80.57344253
1273 2394 211358.00000000 30.52970680 114.35533164 80.02319449
1274 2394 211359.00000000 30.52970214 114.35532874 84.17616544
1275 2394 211360.00000000 30.52967745 114.35534328 85.02010992
1276 2394 211361.00000000 30.52966628 114.35534236 76.94347002
1277 2394 211362.00000000 30.52965343 114.35533161 76.40932016
1278 2394 211363.00000000 30.52966195 114.35532989 77.03402520
1279 2394 211364.00000000 30.52966462 114.35531507 78.79371202
1280 2394 211365.00000000 30.52964307 114.35530960 78.38673147
1281 2394 211366.00000000 30.52965245 114.35529491 77.83889260
1282 2394 211367.00000000 30.52968365 114.35529825 69.64905829
1283 2394 211368.00000000 30.52967280 114.35528169 68.24362535
1284 2394 211369.00000000 30.52966010 114.35530066 66.46249740
1285 2394 211370.00000000 30.52963660 114.35526792 67.31824397
1286 2394 211371.00000000 30.52962233 114.35526171 63.05444886
1287 2394 211372.00000000 30.52961744 114.35528133 55.28371656
1288 2394 211373.00000000 30.52962606 114.35526683 54.58182747
1289 2394 211374.00000000 30.52960333 114.35526822 54.85584861
1290 2394 211375.00000000 30.52957151 114.35527844 45.16076065
1291 2394 211376.00000000 30.52958774 114.35526588 52.76819177
1292 2394 211377.00000000 30.52955213 114.35526510 39.62826037
1293 2394 211378.00000000 30.52955128 114.35526543 40.68996134
1294 2394 211379.00000000 30.52953282 114.35526635 39.04975776
1295 2394 211380.00000000 30.52952913 114.35525724 43.21614580
1296 2394 211381.00000000 30.52951761 114.35526722 41.87550452
1297 2394 211382.00000000 30.52950350 114.35525864 40.77084236
1298 2394 211383.00000000 30.52949007 114.35527128 37.69824101
1299 2394 211384.00000000 30.52947138 114.35528373 28.32326191
1300 2394 211385.00000000 30.52945800 114.35527759 24.98042321
1301 2394 211386.00000000 30.52946246 114.35526763 22.76551431
1302 2394 211387.00000000 30.52947807 114.35523830 33.18939433
1303 2394 211388.00000000 30.52946853 114.35524849 28.92362222
1304 2394 211389.00000000 30.52948214 114.35524852 23.95645290
1305 2394 211390.00000000 30.52944362 114.35525819 25.21770418
1306 2394 211391.00000000 30.52943707 114.35526026 25.40241192
1307 2394 211392.00000000 30.52944073 114.35527614 23.00268441
1308 2394 211393.00000000 30.52942549 114.35530803 21.26005909
1309 2394 211394.00000000 30.52942209 114.35527816 27.29265133
1310 2394 211395.00000000 30.52944814 114.35529645 31.12848837
1311 2394 211396.00000000 30.52944726 114.35528529 31.98559720
1312 2394 211397.00000000 30.52941152 114.35531096 22.89803578
1313 2394 211398.00000000 30.52940353 114.35528086 27.06655697
1314 2394 211399.00000000 30.52938531 114.35527354 31.67801447
1315 2394 211400.00000000 30.52939000 114.35530279 30.64202479
1316 2394 211401.00000000 30.52939466 114.35532114 40.16607814
1317 2394 211402.00000000 30.52936072 114.35531439 30.70075609
1318 2394 211403.00000000 30.52932491 114.35531001 37.05367342
1319 2394 211404.00000000 30.52933126 114.35532414 39.56563035
1320 2394 211405.00000000 30.52928666 114.35534308 35.55636346
1321 2394 211406.00000000 30.52927104 114.35534700 37.08010696
1322 2394 211407.00000000 30.52927751 114.35534138 41.82953440
1323 2394 211408.00000000 30.52925061 114.35537474 36.73530948
1324 2394 211409.00000000 30.52925222 114.35537622 40.95646472
1325 2394 211410.00000000 30.52925362 114.35540374 32.16264992
1326 2394 211411.00000000 30.52924761 114.35541005 33.56196356
1327 2394 211412.00000000 30.52923961 114.35541435 37.66306419
1328 2394 211413.00000000 30.52924921 114.35543303 33.34579253
1329 2394 211414.00000000 30.52923708 114.35542774 33.18921648
1330 2394 211415.00000000 30.52922272 114.35545402 32.61670334
1331 2394 211416.00000000 30.52923861 114.35548958 34.41249029
1332 2394 211417.00000000 30.52921235 114.35548869 31.27285803
1333 2394 211418.00000000 30.52926357 114.35550672 36.24735786
1334 2394 211419.00000000 30.52922315 114.35554465 35.63317562
1335 2394 211420.00000000 30.52927578 114.35556115 35.68894196
1336 2394 211421.00000000 30.52922040 114.35556903 33.96979338
1337 2394 211422.00000000 30.52924674 114.35556789 34.38755238
1338 2394 211423.00000000 30.52922920 114.35559183 34.41324147
1339 2394 211424.00000000 30.52919406 114.35562358 26.50610297
1340 2394 211425.00000000 30.52917958 114.35561914 28.56145597
1341 2394 211426.00000000 30.52922637 114.35561314 27.82043602
1342 2394 211427.00000000 30.52923514 114.35563050 28.41479741
1343 2394 211428.00000000 30.52921807 114.35565113 19.35242142
1344 2394 211429.00000000 30.52922030 114.35564910 22.70828111
1345 2394 211430.00000000 30.52922630 114.35569417 17.84712818
1346 2394 211431.00000000 30.52918188 114.35569894 15.82456499
1347 2394 211432.00000000 30.52920768 114.35571433 13.45876890
1348 2394 211433.00000000 30.52920462 114.35568599 14.68945658
1349 2394 211434.00000000 30.52919322 114.35568526 16.97436015
1350 2394 211435.00000000 30.52919723 114.35568716 19.91171733
1351 2394 211436.00000000 30.52917531 114.35570831 18.98879572
1352 2394 211437.00000000 30.52916301 114.35573011 15.39211470
1353 2394 211438.00000000 30.52920410 114.35576032 19.19553787
1354 2394 211439.00000000 30.52922074 114.35578538 21.29970644
1355 2394 211440.00000000 30.52923836 114.35580756 24.10493617
1356 2394 211441.00000000 30.52926763 114.35582437 21.69760796
1357 2394 211442.00000000 30.52929261 114.35585916 16.80254641
1358 2394 211443.00000000 30.52930908 114.35589474 13.81328054
1359 2394 211444.00000000 30.52930364 114.35589993 14.63784991
1360 2394 211445.00000000 30.52931564 114.35591770 15.59842880
1361 2394 211446.00000000 30.52933719 114.35594294 15.98990007
1362 2394 211447.00000000 30.52933827 114.35595355 16.93184892
1363 2394 211448.00000000 30.52935526 114.35597421 14.49462146
1364 2394 211449.00000000 30.52935940 114.35598104 17.08075026
1365 2394 211450.00000000 30.52935662 114.35600026 16.34127614
1366 2394 211451.00000000 30.52938343 114.35601977 15.36008022
1367 2394 211452.00000000 30.52942377 114.35603937 19.71350546
1368 2394 211453.00000000 30.52945231 114.35603291 22.49231983
1369 2394 211454.00000000 30.52947147 114.35603619 22.32682064
1370 2394 211455.00000000 30.52950012 114.35603260 26.06421001
1371 2394 211456.00000000 30.52952830 114.35602265 29.38479790
1372 2394 211457.00000000 30.52955715 114.35602630 37.52245791
1373 2394 211458.00000000 30.52958115 114.35602454 36.94091720
1374 2394 211459.00000000 30.52957578 114.35604275 31.55767065
1375 2394 211460.00000000 30.52957184 114.35607022 25.52542110
1376 2394 211461.00000000 30.52959207 114.35611207 19.19405659
1377 2394 211462.00000000 30.52961346 114.35612778 18.14682938
1378 2394 211463.00000000 30.52964591 114.35615451 11.73288130
1379 2394 211464.00000000 30.52967447 114.35612805 16.50646249
1380 2394 211465.00000000 30.52966621 114.35611399 17.64011390
1381 2394 211466.00000000 30.52963322 114.35608183 22.22636253
1382 2394 211467.00000000 30.52959075 114.35608396 24.79031094
1383 2394 211468.00000000 30.52954064 114.35605310 28.60879278
1384 2394 211469.00000000 30.52951543 114.35602507 33.35423175
1385 2394 211470.00000000 30.52949119 114.35602105 38.46784565
1386 2394 211471.00000000 30.52949297 114.35603716 33.57987287
1387 2394 211472.00000000 30.52949987 114.35604068 34.30229645
1388 2394 211473.00000000 30.52950806 114.35605735 34.32212612
1389 2394 211474.00000000 30.52951475 114.35604185 38.91282405
1390 2394 211475.00000000 30.52950064 114.35602332 36.47406836
1391 2394 211476.00000000 30.52952579 114.35604085 32.71338467
1392 2394 211477.00000000 30.52954601 114.35605105 29.49687506
1393 2394 211478.00000000 30.52957031 114.35604744 28.93673703
1394 2394 211479.00000000 30.52956110 114.35606163 31.24378459
1395 2394 211480.00000000 30.52959520 114.35608446 27.74026706
1396 2394 211481.00000000 30.52961163 114.35609948 23.63643283
1397 2394 211482.00000000 30.52959875 114.35609371 18.49707730
1398 2394 211483.00000000 30.52961774 114.35611775 19.06325197
1399 2394 211484.00000000 30.52962445 114.35613080 21.58750885
1400 2394 211485.00000000 30.52967391 114.35612977 25.37563312
1401 2394 211486.00000000 30.52968206 114.35613526 22.30024576
1402 2394 211487.00000000 30.52963982 114.35609823 24.68791702
1403 2394 211488.00000000 30.52963087 114.35613829 20.69097726
1404 2394 211489.00000000 30.52964822 114.35615861 19.04494583
1405 2394 211490.00000000 30.52965489 114.35616147 19.67946204
1406 2394 211491.00000000 30.52965880 114.35617044 23.53298747
1407 2394 211492.00000000 30.52969530 114.35616135 21.76660670
1408 2394 211493.00000000 30.52973244 114.35614753 19.12332220
1409 2394 211494.00000000 30.52975282 114.35616072 20.25343452
1410 2394 211495.00000000 30.52974826 114.35615896 19.31452556
1411 2394 211496.00000000 30.52974466 114.35616530 21.09204008
1412 2394 211497.00000000 30.52978649 114.35614445 22.15207561
1413 2394 211498.00000000 30.52979086 114.35610927 29.41688135
1414 2394 211499.00000000 30.52979990 114.35615768 22.96488303
1415 2394 211500.00000000 30.52982636 114.35615925 23.58693630
1416 2394 211501.00000000 30.52983988 114.35615197 24.87732455
1417 2394 211502.00000000 30.52986879 114.35611875 24.00393818
1418 2394 211503.00000000 30.52984546 114.35613580 23.99194132
1419 2394 211504.00000000 30.52984593 114.35614350 23.83840000
1420 2394 211505.00000000 30.52984115 114.35613532 24.94929146
1421 2394 211506.00000000 30.52987196 114.35612727 25.45954054
1422 2394 211507.00000000 30.52990068 114.35610537 29.31076117
1423 2394 211508.00000000 30.52991826 114.35609863 28.31911260
1424 2394 211509.00000000 30.52993276 114.35608199 31.27318432
1425 2394 211510.00000000 30.52995519 114.35605837 34.79736933
1426 2394 211511.00000000 30.52996239 114.35605098 37.12906143
1427 2394 211512.00000000 30.52997867 114.35605962 34.17677962
1428 2394 211513.00000000 30.52998246 114.35605863 37.22442638
1429 2394 211514.00000000 30.52999152 114.35606373 38.82451789
1430 2394 211515.00000000 30.53000964 114.35607624 35.64955731
1431 2394 211516.00000000 30.53000102 114.35607525 35.75155277
1432 2394 211517.00000000 30.53001631 114.35605897 35.39667862
1433 2394 211518.00000000 30.53003401 114.35607075 32.58429085
1434 2394 211519.00000000 30.53004102 114.35606565 33.31004704
1435 2394 211520.00000000 30.53001257 114.35607847 30.81241642
1436 2394 211521.00000000 30.53003406 114.35605312 31.56705610
1437 2394 211522.00000000 30.53006221 114.35604404 34.35188377
1438 2394 211523.00000000 30.53008399 114.35606313 33.44610724
1439 2394 211524.00000000 30.53011074 114.35607637 31.44472296
1440 2394 211525.00000000 30.53011545 114.35609710 28.99651208
1441 2394 211526.00000000 30.53015793 114.35610910 27.94540626
1442 2394 211527.00000000 30.53016365 114.35611559 25.43207643
1443 2394 211528.00000000 30.53016079 114.35611714 22.44788980
1444 2394 211529.00000000 30.53017008 114.35612381 21.55116143
1445 2394 211530.00000000 30.53018822 114.35613672 24.13451351
1446 2394 211531.00000000 30.53019447 114.35614121 25.37075219
1447 2394 211532.00000000 30.53021180 114.35613076 30.79408831
1448 2394 211533.00000000 30.53023078 114.35610643 30.15727555
1449 2394 211534.00000000 30.53025482 114.35612770 23.53341259
1450 2394 211535.00000000 30.53025667 114.35613262 24.33829871
1451 2394 211536.00000000 30.53022513 114.35613199 23.29864336
1452 2394 211537.00000000 30.53022634 114.35610102 30.54853036
1453 2394 211538.00000000 30.53019797 114.35612241 30.17020391
1454 2394 211539.00000000 30.53019913 114.35614094 31.30087613
1455 2394 211540.00000000 30.53024149 114.35615120 28.95825042
1456 2394 211541.00000000 30.53025470 114.35615115 28.51862968
1457 2394 211542.00000000 30.53024109 114.35611765 27.87757602
1458 2394 211543.00000000 30.53021987 114.35609476 29.00982566
1459 2394 211544.00000000 30.53020215 114.35610404 26.23496679
1460 2394 211545.00000000 30.53021398 114.35606577 30.06325894
1461 2394 211546.00000000 30.53021554 114.35610156 26.83260528
1462 2394 211547.00000000 30.53021175 114.35608742 35.38744219
1463 2394 211548.00000000 30.53027711 114.35613367 37.78579437
1464 2394 211549.00000000 30.53030821 114.35617693 33.84418629
1465 2394 211550.00000000 30.53033309 114.35621237 35.81073536
1466 2394 211551.00000000 30.53033704 114.35620047 33.90707969
1467 2394 211552.00000000 30.53033035 114.35621953 30.83193170
1468 2394 211553.00000000 30.53034527 114.35618792 35.65030142
1469 2394 211554.00000000 30.53035529 114.35618468 38.33184614
1470 2394 211555.00000000 30.53032846 114.35617153 39.85317393
1471 2394 211556.00000000 30.53026492 114.35618329 39.23147428
1472 2394 211557.00000000 30.53027236 114.35617390 39.11497745
1473 2394 211558.00000000 30.53027382 114.35615094 38.35582076
