Epoch   E(m)   N(m)   U(m)
1 0 0 -0
2 8.88178e-16 8.88178e-16 -14.2276
3 -4.44089e-16 -4.44089e-16 6.06921
4 1.11022e-16 1.11022e-16 -1.72126
5 4.44089e-16 0 -7.61823
6 4.44089e-16 0 -6.1474
7 -1.11022e-16 0 1.90254
8 -4.44089e-16 -4.44089e-16 6.44439
9 1.73472e-18 0 -0.0290977
10 2.22045e-16 0 -3.12359
11 8.88178e-16 0 -10.7392
12 1.77636e-15 0 -21.4633
13 0 1.77636e-15 -19.7605
14 1.77636e-15 0 -20.2416
15 1.77636e-15 0 -18.4633
16 1.77636e-15 0 -23.2592
17 1.77636e-15 0 -20.9512
18 1.77636e-15 0 -22.6227
19 1.77636e-15 1.77636e-15 -18.863
20 1.77636e-15 1.77636e-15 -30.5028
21 1.77636e-15 3.55271e-15 -34.7607
22 1.77636e-15 1.77636e-15 -30.912
23 1.77636e-15 0 -36.0784
24 1.77636e-15 3.55271e-15 -35.2965
25 0 3.55271e-15 -40.178
26 3.55271e-15 0 -39.9458
27 1.77636e-15 0 -36.826
28 1.77636e-15 0 -35.288
29 1.77636e-15 0 -37.2073
30 3.55271e-15 0 -39.5738
31 1.77636e-15 3.55271e-15 -34.1515
32 -7.10543e-15 0 91.4854
33 -3.55271e-15 0 74.374
34 -3.55271e-15 0 57.3228
35 -3.55271e-15 0 50.3198
36 -3.55271e-15 0 55.1654
37 -3.55271e-15 -3.55271e-15 54.7478
38 -3.55271e-15 -3.55271e-15 46.5041
39 -3.55271e-15 -3.55271e-15 42.4251
40 -3.55271e-15 -3.55271e-15 44.2594
41 -1.77636e-15 0 32.4055
42 3.55271e-15 0 -46.6584
43 3.55271e-15 0 -53.001
44 3.55271e-15 3.55271e-15 -48.753
45 3.55271e-15 0 -50.6267
46 3.55271e-15 0 -65.3043
47 3.55271e-15 0 -75.2502
48 7.10543e-15 0 -101.357
49 7.10543e-15 0 -109.262
50 7.10543e-15 0 -102.738
51 7.10543e-15 7.10543e-15 -94.9658
52 7.10543e-15 7.10543e-15 -96.3017
53 7.10543e-15 0 -100.376
54 7.10543e-15 0 -108.001
55 7.10543e-15 0 -110.759
56 1.42109e-14 0 -116.178
57 1.42109e-14 0 -122.023
58 7.10543e-15 0 -108.942
59 7.10543e-15 0 -105.634
60 7.10543e-15 3.55271e-15 -63.7079
61 7.10543e-15 0 -76.1951
62 7.10543e-15 0 -118.733
63 7.10543e-15 0 -99.28
64 3.55271e-15 3.55271e-15 -54.9287
65 3.55271e-15 3.55271e-15 -66.9111
66 7.10543e-15 0 -111.539
67 3.55271e-15 0 -66.962
68 0 0 -96.167
69 7.10543e-15 0 -112.244
70 7.10543e-15 0 -90.4132
71 7.10543e-15 7.10543e-15 -100.749
72 7.10543e-15 0 -97.0855
73 7.10543e-15 7.10543e-15 -91.2025
74 0 0 -99.2013
75 7.10543e-15 0 -90.5458
76 0 0 -93.7847
77 0 0 -85.2904
78 7.10543e-15 0 -93.7513
79 7.10543e-15 7.10543e-15 -97.8096
80 7.10543e-15 0 -92.9662
81 7.10543e-15 7.10543e-15 -92.309
82 0 0 -86.6897
83 7.10543e-15 7.10543e-15 -88.7626
84 7.10543e-15 0 -94.2861
85 7.10543e-15 7.10543e-15 -110.899
86 7.10543e-15 0 -110.055
87 7.10543e-15 0 -119.142
88 7.10543e-15 0 -99.6331
89 7.10543e-15 0 -86.4199
90 7.10543e-15 7.10543e-15 -110.656
91 7.10543e-15 7.10543e-15 -106.081
92 7.10543e-15 0 -112.847
93 7.10543e-15 0 -107.762
94 7.10543e-15 0 -99.9237
95 7.10543e-15 7.10543e-15 -103.07
96 7.10543e-15 0 -125.909
97 1.42109e-14 0 -141.424
98 1.42109e-14 0 -139.393
99 1.42109e-14 0 -143.144
100 1.42109e-14 1.42109e-14 -138.903
101 1.42109e-14 0 -139.367
102 7.10543e-15 1.42109e-14 -151.571
103 1.42109e-14 0 -151.103
104 1.42109e-14 1.42109e-14 -165.115
105 1.42109e-14 0 -155.627
106 1.42109e-14 0 -169.819
107 0 1.42109e-14 -176.709
108 7.10543e-15 0 -151.679
109 1.42109e-14 1.42109e-14 -139.722
110 7.10543e-15 1.42109e-14 -154.895
111 1.42109e-14 0 -157.687
112 0 0 -162.627
113 1.42109e-14 1.42109e-14 -180.266
114 1.42109e-14 1.42109e-14 -153.901
115 1.42109e-14 0 -169.466
116 1.42109e-14 0 -144.27
117 1.42109e-14 0 -158.123
118 1.42109e-14 0 -154.164
119 1.42109e-14 0 -154.591
120 7.10543e-15 0 -153.515
121 1.42109e-14 0 -139.898
122 1.42109e-14 7.10543e-15 -135.216
123 7.10543e-15 0 -138.431
124 1.42109e-14 7.10543e-15 -128.345
125 7.10543e-15 7.10543e-15 -128.584
126 1.42109e-14 1.42109e-14 -135.955
127 1.42109e-14 0 -137.237
128 1.42109e-14 1.42109e-14 -157.209
129 7.10543e-15 1.42109e-14 -141.646
130 7.10543e-15 0 -143.729
131 7.10543e-15 0 -144.16
132 7.10543e-15 7.10543e-15 -124.232
133 7.10543e-15 0 -126.629
134 1.42109e-14 0 -154.28
135 1.42109e-14 0 -157.129
136 0 0 -159.108
137 1.42109e-14 0 -157.405
138 0 0 -157.738
139 1.42109e-14 1.42109e-14 -170.286
140 1.42109e-14 1.42109e-14 -179.098
141 0 0 -156.784
142 1.42109e-14 0 -149.957
143 1.42109e-14 0 -154.054
144 1.42109e-14 1.42109e-14 -160.003
145 1.42109e-14 1.42109e-14 -158.27
146 7.10543e-15 0 -153.825
147 1.42109e-14 0 -161.293
148 1.42109e-14 0 -157.688
149 0 1.42109e-14 -166.773
150 0 1.42109e-14 -165.723
151 0 0 -164.787
152 1.42109e-14 0 -161.719
153 0 1.42109e-14 -166.497
154 1.42109e-14 1.42109e-14 -165.341
155 7.10543e-15 1.42109e-14 -154.651
156 0 0 -198.144
157 1.42109e-14 1.42109e-14 -193.088
158 1.42109e-14 0 -211.557
159 1.42109e-14 1.42109e-14 -207.887
160 1.42109e-14 1.42109e-14 -212.267
161 1.42109e-14 0 -225.14
162 1.42109e-14 0 -221.952
163 1.42109e-14 1.42109e-14 -227.788
164 1.42109e-14 0 -225.262
165 1.42109e-14 0 -217.618
166 1.42109e-14 1.42109e-14 -224.189
167 1.42109e-14 0 -229.311
168 1.42109e-14 0 -230.743
169 1.42109e-14 1.42109e-14 -222.42
170 1.42109e-14 0 -228.701
171 1.42109e-14 1.42109e-14 -228.512
172 1.42109e-14 1.42109e-14 -231.651
173 1.42109e-14 0 -233.367
174 1.42109e-14 0 -228.569
175 1.42109e-14 0 -228.4
176 1.42109e-14 1.42109e-14 -238.475
177 1.42109e-14 1.42109e-14 -249.007
178 1.42109e-14 0 -228.956
179 1.42109e-14 1.42109e-14 -228.255
180 1.42109e-14 1.42109e-14 -223.459
181 1.42109e-14 1.42109e-14 -244.088
182 1.42109e-14 1.42109e-14 -236.214
183 2.84217e-14 1.42109e-14 -236.565
184 1.42109e-14 1.42109e-14 -226.173
185 1.42109e-14 1.42109e-14 -219.839
186 1.42109e-14 0 -226.274
187 1.42109e-14 0 -221.38
188 1.42109e-14 1.42109e-14 -178.844
189 1.42109e-14 0 -232.261
190 1.42109e-14 1.42109e-14 -238.2
191 1.42109e-14 1.42109e-14 -231.113
192 1.42109e-14 0 -238.568
193 1.42109e-14 0 -267.102
194 2.84217e-14 0 -264.665
195 1.42109e-14 1.42109e-14 -268.813
196 1.42109e-14 1.42109e-14 -270.022
197 1.42109e-14 0 -253.584
198 2.84217e-14 2.84217e-14 -284.804
199 1.42109e-14 0 -294.584
200 1.42109e-14 2.84217e-14 -310.377
201 2.84217e-14 0 -298.643
202 1.42109e-14 0 -278.745
203 1.42109e-14 0 -309.596
204 1.42109e-14 2.84217e-14 -300.645
205 2.84217e-14 0 -277.461
206 1.42109e-14 0 -262.737
207 1.42109e-14 2.84217e-14 -283.074
208 1.42109e-14 0 -291.275
209 1.42109e-14 2.84217e-14 -297.673
210 1.42109e-14 2.84217e-14 -288.315
211 2.84217e-14 0 -303.514
212 1.42109e-14 0 -300.024
213 1.42109e-14 0 -303.106
214 1.42109e-14 0 -300.539
215 1.42109e-14 2.84217e-14 -303.063
216 1.42109e-14 0 -301.215
217 1.42109e-14 0 -298.345
218 2.84217e-14 0 -297.75
219 1.42109e-14 0 -303.609
220 1.42109e-14 2.84217e-14 -306.322
221 1.42109e-14 2.84217e-14 -292.611
222 2.84217e-14 0 -321.825
223 0 0 -335.053
224 2.84217e-14 2.84217e-14 -334.424
225 1.42109e-14 0 -294.672
226 2.84217e-14 0 -328.475
227 0 0 -339.431
228 2.84217e-14 0 -340.022
229 0 2.84217e-14 -339.36
230 0 0 -335.97
231 2.84217e-14 2.84217e-14 -339.922
232 2.84217e-14 2.84217e-14 -347.423
233 0 2.84217e-14 -339.646
234 0 0 -336.608
235 1.42109e-14 2.84217e-14 -302.596
236 2.84217e-14 2.84217e-14 -342.253
237 2.84217e-14 0 -344.184
238 2.84217e-14 0 -342.518
239 2.84217e-14 0 -345.701
240 2.84217e-14 0 -348.654
241 0 0 -359.109
242 2.84217e-14 2.84217e-14 -358.071
243 2.84217e-14 2.84217e-14 -361.298
244 2.84217e-14 2.84217e-14 -361.645
245 2.84217e-14 0 -366.813
246 2.84217e-14 0 -369.814
247 2.84217e-14 0 -379.951
248 0 0 -368.925
249 2.84217e-14 0 -371.601
250 2.84217e-14 2.84217e-14 -377.372
251 2.84217e-14 2.84217e-14 -372.191
252 0 0 -379.699
253 2.84217e-14 0 -382.629
254 2.84217e-14 2.84217e-14 -382.831
255 1.42109e-14 1.42109e-14 -222.496
256 1.42109e-14 0 -298.78
257 2.84217e-14 0 -327.21
258 0 2.84217e-14 -314.49
259 2.84217e-14 0 -314.215
260 2.84217e-14 0 -309.565
261 1.42109e-14 2.84217e-14 -293.839
262 1.42109e-14 0 -281.621
263 2.84217e-14 0 -251.061
264 2.84217e-14 0 -291.437
265 1.42109e-14 1.42109e-14 -253.498
266 1.42109e-14 2.84217e-14 -297.35
267 1.42109e-14 2.84217e-14 -303.179
268 2.84217e-14 2.84217e-14 -328.251
269 2.84217e-14 0 -313.286
270 2.84217e-14 2.84217e-14 -310.665
271 2.84217e-14 0 -321.212
272 0 0 -327.988
273 2.84217e-14 0 -320.418
274 2.84217e-14 2.84217e-14 -316.657
275 0 0 -334.602
276 2.84217e-14 2.84217e-14 -316.316
277 1.42109e-14 2.84217e-14 -305.624
278 1.42109e-14 0 -303.261
279 2.84217e-14 0 -318.885
280 2.84217e-14 0 -331.261
281 0 0 -317.486
282 2.84217e-14 0 -309.335
283 2.84217e-14 0 -317.203
284 2.84217e-14 2.84217e-14 -326.506
285 2.84217e-14 0 -318.091
286 2.84217e-14 0 -336.914
287 2.84217e-14 0 -323.234
288 2.84217e-14 2.84217e-14 -332.531
289 2.84217e-14 0 -341.821
290 0 0 -333.979
291 2.84217e-14 0 -344.581
292 2.84217e-14 2.84217e-14 -346.474
293 2.84217e-14 2.84217e-14 -369.162
294 2.84217e-14 0 -375.315
295 0 0 -388.547
296 0 2.84217e-14 -397.094
297 0 0 -408.628
298 2.84217e-14 0 -401.536
299 2.84217e-14 0 -414.686
300 2.84217e-14 2.84217e-14 -413.53
301 2.84217e-14 2.84217e-14 -417.069
302 2.84217e-14 0 -410.476
303 2.84217e-14 2.84217e-14 -414.028
304 2.84217e-14 2.84217e-14 -404.626
305 2.84217e-14 0 -407.275
306 2.84217e-14 0 -404.004
307 2.84217e-14 0 -414.512
308 0 2.84217e-14 -390.978
309 2.84217e-14 0 -422.92
310 2.84217e-14 2.84217e-14 -408.756
311 2.84217e-14 2.84217e-14 -417.882
312 2.84217e-14 0 -420.141
313 2.84217e-14 2.84217e-14 -417.341
314 2.84217e-14 0 -420
315 2.84217e-14 2.84217e-14 -415.837
316 2.84217e-14 0 -414.614
317 2.84217e-14 2.84217e-14 -414.098
318 2.84217e-14 2.84217e-14 -412.971
319 2.84217e-14 2.84217e-14 -407.919
320 2.84217e-14 0 -401.847
321 2.84217e-14 2.84217e-14 -406.33
322 2.84217e-14 2.84217e-14 -419.582
323 2.84217e-14 0 -424.399
324 2.84217e-14 0 -423.858
325 2.84217e-14 0 -428.198
326 2.84217e-14 0 -439.118
327 2.84217e-14 0 -431.218
328 2.84217e-14 2.84217e-14 -441.536
329 2.84217e-14 0 -446.948
330 2.84217e-14 2.84217e-14 -453.223
331 2.84217e-14 0 -460.689
332 2.84217e-14 0 -457.022
333 2.84217e-14 2.84217e-14 -450.058
334 2.84217e-14 0 -451.489
335 2.84217e-14 0 -445.021
336 2.84217e-14 2.84217e-14 -452.358
337 2.84217e-14 0 -447.827
338 5.68434e-14 2.84217e-14 -449.501
339 2.84217e-14 2.84217e-14 -453.496
340 2.84217e-14 2.84217e-14 -440.171
341 2.84217e-14 0 -437.26
342 2.84217e-14 0 -434.108
343 0 2.84217e-14 -423.761
344 2.84217e-14 0 -434.1
345 2.84217e-14 0 -432.539
346 2.84217e-14 0 -434.045
347 2.84217e-14 0 -427.7
348 2.84217e-14 0 -418.685
349 2.84217e-14 0 -437.151
350 2.84217e-14 2.84217e-14 -417.427
351 2.84217e-14 0 -423.41
352 2.84217e-14 2.84217e-14 -428.791
353 2.84217e-14 2.84217e-14 -421.869
354 2.84217e-14 0 -429.627
355 2.84217e-14 0 -421.5
356 2.84217e-14 0 -432.773
357 2.84217e-14 0 -430.012
358 2.84217e-14 0 -433.761
359 2.84217e-14 2.84217e-14 -431.579
360 2.84217e-14 0 -429.937
361 2.84217e-14 2.84217e-14 -434.429
362 2.84217e-14 0 -440.859
363 2.84217e-14 2.84217e-14 -444.078
364 2.84217e-14 0 -450.872
365 2.84217e-14 0 -456.014
366 2.84217e-14 2.84217e-14 -454.937
367 2.84217e-14 0 -448.63
368 2.84217e-14 2.84217e-14 -432.901
369 2.84217e-14 0 -437.586
370 2.84217e-14 2.84217e-14 -438.676
371 2.84217e-14 2.84217e-14 -450.534
372 2.84217e-14 2.84217e-14 -449.492
373 2.84217e-14 2.84217e-14 -456.8
374 2.84217e-14 2.84217e-14 -459.186
375 2.84217e-14 2.84217e-14 -464.943
376 5.68434e-14 0 -472.238
377 5.68434e-14 0 -470.909
378 2.84217e-14 2.84217e-14 -453.454
379 2.84217e-14 2.84217e-14 -464.935
380 5.68434e-14 0 -469.466
381 2.84217e-14 2.84217e-14 -472.679
382 2.84217e-14 2.84217e-14 -462.453
383 2.84217e-14 2.84217e-14 -469.563
384 2.84217e-14 0 -470.654
385 2.84217e-14 2.84217e-14 -475.144
386 2.84217e-14 2.84217e-14 -472.148
387 5.68434e-14 2.84217e-14 -478.564
388 2.84217e-14 2.84217e-14 -490.468
389 5.68434e-14 2.84217e-14 -481.542
390 2.84217e-14 0 -489.199
391 2.84217e-14 0 -485.707
392 2.84217e-14 2.84217e-14 -482.79
393 2.84217e-14 2.84217e-14 -480.645
394 2.84217e-14 0 -486.683
395 2.84217e-14 0 -476.353
396 2.84217e-14 2.84217e-14 -477.18
397 2.84217e-14 0 -496.612
398 2.84217e-14 0 -485.813
399 2.84217e-14 2.84217e-14 -490.187
400 2.84217e-14 0 -486.881
401 2.84217e-14 0 -499.205
402 2.84217e-14 2.84217e-14 -476.619
403 2.84217e-14 2.84217e-14 -502.932
404 2.84217e-14 0 -502.965
405 2.84217e-14 2.84217e-14 -505.929
406 2.84217e-14 0 -514.681
407 2.84217e-14 2.84217e-14 -507.386
408 2.84217e-14 2.84217e-14 -522.285
409 2.84217e-14 2.84217e-14 -511.11
410 2.84217e-14 0 -511.841
411 2.84217e-14 2.84217e-14 -517.309
412 2.84217e-14 0 -511.608
413 2.84217e-14 2.84217e-14 -508.439
414 2.84217e-14 0 -515.49
415 2.84217e-14 2.84217e-14 -509.542
416 2.84217e-14 0 -514.135
417 2.84217e-14 0 -505.996
418 2.84217e-14 2.84217e-14 -509.187
419 5.68434e-14 0 -506.636
420 2.84217e-14 2.84217e-14 -507.713
421 2.84217e-14 0 -499.175
422 5.68434e-14 2.84217e-14 -487.108
423 2.84217e-14 0 -480.45
424 2.84217e-14 2.84217e-14 -487.159
425 2.84217e-14 2.84217e-14 -472.608
426 2.84217e-14 2.84217e-14 -468.069
427 2.84217e-14 2.84217e-14 -473.28
428 2.84217e-14 2.84217e-14 -476.039
429 2.84217e-14 2.84217e-14 -448.921
430 2.84217e-14 2.84217e-14 -437.076
431 2.84217e-14 2.84217e-14 -437.225
432 2.84217e-14 0 -439.102
433 2.84217e-14 2.84217e-14 -439.774
434 2.84217e-14 2.84217e-14 -437.201
435 2.84217e-14 2.84217e-14 -435.633
436 2.84217e-14 2.84217e-14 -425.839
437 2.84217e-14 0 -424.082
438 2.84217e-14 0 -416.284
439 2.84217e-14 2.84217e-14 -425.307
440 2.84217e-14 0 -415.778
441 2.84217e-14 2.84217e-14 -390.571
442 2.84217e-14 0 -396.759
443 2.84217e-14 2.84217e-14 -387.916
444 2.84217e-14 2.84217e-14 -398.145
445 0 0 -392.856
446 2.84217e-14 2.84217e-14 -391.969
447 2.84217e-14 0 -401.542
448 2.84217e-14 0 -404.465
449 0 2.84217e-14 -407.651
450 0 2.84217e-14 -408.519
451 2.84217e-14 0 -408.667
452 2.84217e-14 0 -405.874
453 2.84217e-14 2.84217e-14 -400.664
454 2.84217e-14 0 -397.64
455 2.84217e-14 2.84217e-14 -403.107
456 2.84217e-14 2.84217e-14 -407.456
457 2.84217e-14 2.84217e-14 -413.772
458 2.84217e-14 0 -412.184
459 2.84217e-14 0 -404.489
460 2.84217e-14 0 -393.824
461 2.84217e-14 0 -396.917
462 2.84217e-14 0 -387.533
463 2.84217e-14 0 -383.531
464 2.84217e-14 0 -386.974
465 0 0 -389.017
466 2.84217e-14 0 -367.21
467 2.84217e-14 2.84217e-14 -360.824
468 2.84217e-14 0 -366.669
469 2.84217e-14 2.84217e-14 -351.72
470 2.84217e-14 0 -344.791
471 2.84217e-14 2.84217e-14 -351.868
472 2.84217e-14 0 -360.44
473 0 2.84217e-14 -354.326
474 2.84217e-14 2.84217e-14 -347.172
475 2.84217e-14 0 -351.544
476 2.84217e-14 0 -341.78
477 2.84217e-14 0 -362.145
478 2.84217e-14 0 -348.536
479 2.84217e-14 0 -349.414
480 2.84217e-14 0 -361.731
481 2.84217e-14 0 -353.39
482 2.84217e-14 0 -344.855
483 2.84217e-14 2.84217e-14 -346.529
484 2.84217e-14 2.84217e-14 -341.681
485 2.84217e-14 0 -345.74
486 2.84217e-14 2.84217e-14 -353.974
487 0 0 -349.229
488 2.84217e-14 2.84217e-14 -348.023
489 2.84217e-14 0 -341.55
490 2.84217e-14 0 -332.78
491 2.84217e-14 2.84217e-14 -335.996
492 2.84217e-14 2.84217e-14 -323.919
493 2.84217e-14 0 -333.233
494 0 0 -332.668
495 2.84217e-14 0 -331.456
496 2.84217e-14 0 -338.766
497 2.84217e-14 0 -343.097
498 0 0 -339.942
499 2.84217e-14 2.84217e-14 -367.949
500 2.84217e-14 0 -379.042
501 2.84217e-14 0 -386.845
502 2.84217e-14 2.84217e-14 -394.726
503 2.84217e-14 0 -400
504 2.84217e-14 0 -396.832
505 2.84217e-14 0 -398.412
506 0 2.84217e-14 -400.056
507 2.84217e-14 2.84217e-14 -400.073
508 2.84217e-14 0 -394.762
509 2.84217e-14 2.84217e-14 -406.7
510 2.84217e-14 2.84217e-14 -383.736
511 2.84217e-14 2.84217e-14 -374.77
512 2.84217e-14 0 -371.035
513 2.84217e-14 0 -377.693
514 2.84217e-14 0 -367.582
515 2.84217e-14 0 -364.537
516 2.84217e-14 0 -368.91
517 2.84217e-14 0 -369.822
518 2.84217e-14 0 -367.937
519 2.84217e-14 0 -364.498
520 2.84217e-14 2.84217e-14 -360.502
521 0 2.84217e-14 -361.786
522 2.84217e-14 2.84217e-14 -364.345
523 2.84217e-14 0 -346.788
524 2.84217e-14 0 -353.782
525 0 0 -366.234
526 2.84217e-14 0 -357.981
527 2.84217e-14 2.84217e-14 -355.283
528 2.84217e-14 2.84217e-14 -363.82
529 2.84217e-14 2.84217e-14 -353.793
530 0 0 -351.86
531 2.84217e-14 2.84217e-14 -360.484
532 2.84217e-14 2.84217e-14 -356.133
533 0 0 -358.186
534 2.84217e-14 2.84217e-14 -361.512
535 2.84217e-14 0 -360.678
536 0 0 -366.355
537 0 2.84217e-14 -361.758
538 2.84217e-14 2.84217e-14 -362.514
539 0 0 -357.39
540 2.84217e-14 2.84217e-14 -363.212
541 2.84217e-14 2.84217e-14 -360.106
542 2.84217e-14 0 -343.33
543 2.84217e-14 2.84217e-14 -356.235
544 2.84217e-14 2.84217e-14 -328.162
545 2.84217e-14 2.84217e-14 -321.223
546 2.84217e-14 0 -338.526
547 2.84217e-14 0 -341.519
548 2.84217e-14 2.84217e-14 -342.836
549 2.84217e-14 2.84217e-14 -339.516
550 2.84217e-14 2.84217e-14 -319.523
551 2.84217e-14 0 -324.97
552 0 0 -325.262
553 2.84217e-14 0 -327.173
554 2.84217e-14 2.84217e-14 -317.804
555 1.42109e-14 0 -305.149
556 1.42109e-14 0 -306.792
557 1.42109e-14 0 -307.449
558 2.84217e-14 2.84217e-14 -304.639
559 2.84217e-14 2.84217e-14 -311.428
560 1.42109e-14 0 -300.891
561 2.84217e-14 2.84217e-14 -295.312
562 2.84217e-14 0 -290.902
563 1.42109e-14 1.42109e-14 -260.61
564 1.42109e-14 1.42109e-14 -261.969
565 1.42109e-14 0 -281.185
566 1.42109e-14 0 -262.226
567 1.42109e-14 1.42109e-14 -253.073
568 1.42109e-14 0 -271.538
569 2.84217e-14 0 -254.119
570 1.42109e-14 1.42109e-14 -261.463
571 1.42109e-14 0 -260.258
572 1.42109e-14 0 -239.235
573 1.42109e-14 1.42109e-14 -255.549
574 1.42109e-14 0 -241.315
575 1.42109e-14 0 -253.237
576 1.42109e-14 1.42109e-14 -247.466
577 1.42109e-14 1.42109e-14 -219.758
578 1.42109e-14 0 -224.458
579 1.42109e-14 1.42109e-14 -218.825
580 1.42109e-14 1.42109e-14 -217.797
581 1.42109e-14 1.42109e-14 -216.687
582 1.42109e-14 1.42109e-14 -212.666
583 1.42109e-14 0 -229.702
584 1.42109e-14 1.42109e-14 -220.893
585 1.42109e-14 1.42109e-14 -220.472
586 1.42109e-14 1.42109e-14 -220.114
587 1.42109e-14 0 -218.098
588 1.42109e-14 1.42109e-14 -215.751
589 1.42109e-14 1.42109e-14 -237.489
590 1.42109e-14 0 -228.951
591 1.42109e-14 0 -228.207
592 1.42109e-14 0 -218.516
593 1.42109e-14 0 -216.857
594 1.42109e-14 1.42109e-14 -219.753
595 1.42109e-14 1.42109e-14 -215.359
596 1.42109e-14 0 -223.111
597 1.42109e-14 1.42109e-14 -219.763
598 1.42109e-14 1.42109e-14 -212.321
599 1.42109e-14 0 -218.034
600 1.42109e-14 1.42109e-14 -231.369
601 1.42109e-14 1.42109e-14 -225.458
602 1.42109e-14 0 -228.335
603 1.42109e-14 1.42109e-14 -231.124
604 1.42109e-14 1.42109e-14 -239.582
605 1.42109e-14 0 -234.341
606 1.42109e-14 0 -235.259
607 2.84217e-14 0 -228.862
608 1.42109e-14 1.42109e-14 -221.771
609 1.42109e-14 1.42109e-14 -212.027
610 1.42109e-14 0 -210.262
611 1.42109e-14 0 -208.589
612 1.42109e-14 1.42109e-14 -201.627
613 1.42109e-14 1.42109e-14 -201.344
614 1.42109e-14 0 -199.168
615 1.42109e-14 1.42109e-14 -194.545
616 1.42109e-14 0 -188.179
617 1.42109e-14 0 -189.494
618 1.42109e-14 1.42109e-14 -182.663
619 1.42109e-14 0 -179.957
620 1.42109e-14 0 -171.336
621 1.42109e-14 1.42109e-14 -164.472
622 7.10543e-15 0 -155.981
623 0 0 -171.741
624 1.42109e-14 0 -158.92
625 1.42109e-14 0 -174.167
626 0 0 -171.051
627 0 1.42109e-14 -183.461
628 0 1.42109e-14 -177.982
629 0 0 -176.87
630 0 0 -174.219
631 1.42109e-14 0 -180.565
632 1.42109e-14 0 -174.452
633 1.42109e-14 1.42109e-14 -177.317
634 1.42109e-14 0 -177.18
635 1.42109e-14 0 -175.794
636 0 0 -179.919
637 1.42109e-14 0 -165.141
638 7.10543e-15 0 -138.099
639 7.10543e-15 0 -145.841
640 7.10543e-15 0 -146.036
641 1.42109e-14 7.10543e-15 -127.293
642 1.42109e-14 0 -146.203
643 7.10543e-15 0 -128.105
644 7.10543e-15 1.42109e-14 -150.087
645 1.42109e-14 0 -178.693
646 1.42109e-14 0 -159.922
647 1.42109e-14 0 -141.939
648 7.10543e-15 0 -149.509
649 7.10543e-15 0 -148.103
650 1.42109e-14 0 -130.01
651 1.42109e-14 1.42109e-14 -146.519
652 7.10543e-15 1.42109e-14 -146.18
653 7.10543e-15 0 -111.537
654 0 7.10543e-15 -109.808
655 7.10543e-15 0 -77.5827
656 7.10543e-15 0 -110.21
657 7.10543e-15 0 -123.872
658 7.10543e-15 7.10543e-15 -107.14
659 7.10543e-15 7.10543e-15 -113.02
660 7.10543e-15 0 -128.316
661 7.10543e-15 7.10543e-15 -120.093
662 7.10543e-15 1.42109e-14 -143.013
663 7.10543e-15 0 -125.393
664 7.10543e-15 7.10543e-15 -125.626
665 7.10543e-15 0 -117.229
666 1.42109e-14 0 -131.397
667 7.10543e-15 1.42109e-14 -146.441
668 7.10543e-15 0 -145.151
669 1.42109e-14 0 -136.725
670 1.42109e-14 0 -131.388
671 7.10543e-15 0 -115.501
672 7.10543e-15 7.10543e-15 -115.928
673 7.10543e-15 0 -116.714
674 7.10543e-15 0 -115.632
675 7.10543e-15 7.10543e-15 -113.604
676 7.10543e-15 7.10543e-15 -119.834
677 7.10543e-15 7.10543e-15 -119.769
678 7.10543e-15 0 -108.957
679 7.10543e-15 0 -131.965
680 7.10543e-15 7.10543e-15 -130.38
681 7.10543e-15 0 -133.372
682 7.10543e-15 7.10543e-15 -122.8
683 7.10543e-15 0 -93.427
684 7.10543e-15 7.10543e-15 -123.551
685 7.10543e-15 7.10543e-15 -119.342
686 7.10543e-15 0 -104.731
687 7.10543e-15 7.10543e-15 -105.948
688 7.10543e-15 7.10543e-15 -104
689 0 7.10543e-15 -101.022
690 0 0 -97.594
691 7.10543e-15 0 -89.8491
692 3.55271e-15 7.10543e-15 -76.208
693 7.10543e-15 0 -97.6419
694 3.55271e-15 0 -75.4155
695 7.10543e-15 7.10543e-15 -81.9601
696 3.55271e-15 0 -72.0527
697 0 7.10543e-15 -81.7095
698 3.55271e-15 0 -61.7943
699 3.55271e-15 3.55271e-15 -65.7832
700 3.55271e-15 3.55271e-15 -64.3111
701 3.55271e-15 0 -60.0794
702 3.55271e-15 0 -65.3413
703 3.55271e-15 0 -46.6819
704 1.77636e-15 0 -29.3844
705 1.77636e-15 1.77636e-15 -30.8018
706 1.77636e-15 0 -32.5132
707 1.77636e-15 0 -24.4483
708 1.77636e-15 0 -27.515
709 1.77636e-15 1.77636e-15 -28.7112
710 1.77636e-15 0 -20.857
711 4.44089e-16 0 -6.73503
712 1.77636e-15 1.77636e-15 -25.2697
713 0 0 -12.585
714 4.44089e-16 4.44089e-16 -7.37234
715 4.44089e-16 4.44089e-16 -4.45579
716 -2.22045e-16 0 4.1911
717 -8.88178e-16 0 16.9201
718 -1.77636e-15 -1.77636e-15 20.0466
719 -1.77636e-15 -1.77636e-15 28.4723
720 -1.77636e-15 -1.77636e-15 33.4544
721 -1.77636e-15 -1.77636e-15 24.7975
722 -1.77636e-15 0 34.6642
723 -1.77636e-15 0 24.1273
724 -1.77636e-15 0 23.5705
725 4.44089e-16 4.44089e-16 -7.74006
726 4.44089e-16 0 -7.64328
727 7.10543e-15 0 -71.8133
728 4.44089e-16 4.44089e-16 -6.29914
729 7.10543e-15 7.10543e-15 -82.2762
730 8.88178e-16 8.88178e-16 -12.8849
731 -8.88178e-16 -8.88178e-16 12.5317
732 -1.77636e-15 0 28.0024
733 -3.55271e-15 0 40.1836
734 -3.55271e-15 -3.55271e-15 44.2916
735 -3.55271e-15 0 45.7772
736 -3.55271e-15 -3.55271e-15 46.6043
737 -3.55271e-15 -3.55271e-15 46.1505
738 0 0 50.5636
739 -3.55271e-15 0 59.6066
740 -7.10543e-15 -3.55271e-15 61.0419
741 -3.55271e-15 0 69.5873
742 -3.55271e-15 -3.55271e-15 62.1386
743 -3.55271e-15 0 60.0993
744 -3.55271e-15 0 61.5808
745 -2.84217e-14 0 504.798
746 -2.84217e-14 -2.84217e-14 495.728
747 -2.84217e-14 -2.84217e-14 509.694
748 -2.84217e-14 -2.84217e-14 516.865
749 -2.84217e-14 0 504.144
750 -2.84217e-14 -2.84217e-14 503.783
751 -2.84217e-14 0 513.745
752 -2.84217e-14 0 521.846
753 -2.84217e-14 -2.84217e-14 518.59
754 -2.84217e-14 0 528.778
755 -2.84217e-14 0 526.09
756 -2.84217e-14 -2.84217e-14 522.613
757 -5.68434e-14 0 521.91
758 -2.84217e-14 -2.84217e-14 510.239
759 -2.84217e-14 -2.84217e-14 510.296
760 -2.84217e-14 -2.84217e-14 510.758
761 -2.84217e-14 -2.84217e-14 508.017
762 -2.84217e-14 0 512.31
763 -2.84217e-14 0 502.388
764 -2.84217e-14 0 507.081
765 -2.84217e-14 0 507.777
766 -2.84217e-14 -2.84217e-14 504.538
767 -2.84217e-14 0 503.85
768 -2.84217e-14 -2.84217e-14 497.617
769 -5.68434e-14 -2.84217e-14 503.937
770 -2.84217e-14 0 504.151
771 -2.84217e-14 0 505.556
772 -2.84217e-14 -2.84217e-14 498.042
773 -2.84217e-14 -2.84217e-14 502.637
774 -2.84217e-14 -2.84217e-14 502.982
775 -5.68434e-14 -2.84217e-14 498.102
776 -2.84217e-14 -2.84217e-14 501.373
777 -2.84217e-14 0 497.513
778 -5.68434e-14 -2.84217e-14 498.989
779 -2.84217e-14 0 504.135
780 -2.84217e-14 -2.84217e-14 497.833
781 -2.84217e-14 -2.84217e-14 490.593
782 -2.84217e-14 0 490.019
783 -2.84217e-14 0 497.368
784 -5.68434e-14 0 500.648
785 -2.84217e-14 -2.84217e-14 496.883
786 -2.84217e-14 -2.84217e-14 505.874
787 -2.84217e-14 -2.84217e-14 506.939
788 -2.84217e-14 0 509.261
789 -2.84217e-14 0 496.517
790 -2.84217e-14 0 496.649
791 -2.84217e-14 -2.84217e-14 502.855
792 -2.84217e-14 0 513.238
793 -2.84217e-14 0 501.966
794 -2.84217e-14 -2.84217e-14 502.66
795 -5.68434e-14 0 497.775
796 -2.84217e-14 -2.84217e-14 491.617
797 -2.84217e-14 -2.84217e-14 486.849
798 -2.84217e-14 -2.84217e-14 489.675
799 -2.84217e-14 -2.84217e-14 494.322
800 -2.84217e-14 -2.84217e-14 495.736
801 -2.84217e-14 -2.84217e-14 496.455
802 -2.84217e-14 -2.84217e-14 491.015
803 -2.84217e-14 -2.84217e-14 489.081
804 -2.84217e-14 0 493.495
805 -2.84217e-14 -2.84217e-14 481.972
806 -2.84217e-14 -2.84217e-14 478.17
807 -2.84217e-14 0 477.756
808 -2.84217e-14 0 471.803
809 -5.68434e-14 -2.84217e-14 474.733
810 -2.84217e-14 -2.84217e-14 470.291
811 -2.84217e-14 -2.84217e-14 475.395
812 -2.84217e-14 0 469.478
813 -2.84217e-14 -2.84217e-14 472.319
814 -5.68434e-14 -2.84217e-14 475.548
815 -2.84217e-14 0 476.194
816 -2.84217e-14 0 471.132
817 -2.84217e-14 0 460.115
818 -5.68434e-14 -2.84217e-14 463.4
819 -2.84217e-14 -2.84217e-14 471.236
820 -2.84217e-14 -2.84217e-14 471.957
821 -2.84217e-14 -2.84217e-14 471.336
822 -2.84217e-14 0 474.759
823 -2.84217e-14 -2.84217e-14 471.783
824 -2.84217e-14 -2.84217e-14 470.27
825 -2.84217e-14 -2.84217e-14 473.041
826 -2.84217e-14 0 473.723
827 -2.84217e-14 -2.84217e-14 474.568
828 -2.84217e-14 0 472.98
829 -2.84217e-14 0 457.869
830 -2.84217e-14 0 454.957
831 -2.84217e-14 -2.84217e-14 451.295
832 -2.84217e-14 0 445.308
833 -2.84217e-14 0 449.671
834 -2.84217e-14 -2.84217e-14 440.946
835 -2.84217e-14 -2.84217e-14 435.793
836 -2.84217e-14 -2.84217e-14 438.266
837 -2.84217e-14 -2.84217e-14 435.94
838 -2.84217e-14 -2.84217e-14 425.71
839 -2.84217e-14 0 414.518
840 -2.84217e-14 0 398.189
841 -2.84217e-14 0 391.815
842 -2.84217e-14 -2.84217e-14 381.569
843 -2.84217e-14 0 378.66
844 -2.84217e-14 -2.84217e-14 384.013
845 -2.84217e-14 -2.84217e-14 381.045
846 -2.84217e-14 -2.84217e-14 377.708
847 -2.84217e-14 0 382.906
848 -2.84217e-14 0 391.587
849 -2.84217e-14 -2.84217e-14 393.237
850 -2.84217e-14 0 397.778
851 -2.84217e-14 -2.84217e-14 401.794
852 -2.84217e-14 -2.84217e-14 396.074
853 -2.84217e-14 0 397.766
854 -2.84217e-14 0 395.381
855 -2.84217e-14 -2.84217e-14 396.34
856 -2.84217e-14 0 402.779
857 -2.84217e-14 0 397.03
858 -2.84217e-14 0 396.207
859 -2.84217e-14 0 398.604
860 -2.84217e-14 -2.84217e-14 397.655
861 -2.84217e-14 -2.84217e-14 400.246
862 -2.84217e-14 -2.84217e-14 394.894
863 -2.84217e-14 0 387.026
864 -2.84217e-14 -2.84217e-14 389.816
865 -2.84217e-14 -2.84217e-14 390.42
866 -2.84217e-14 0 389.05
867 0 -2.84217e-14 387.324
868 -2.84217e-14 0 392.245
869 -2.84217e-14 0 396.225
870 -2.84217e-14 0 396.043
871 -2.84217e-14 0 402.632
872 -2.84217e-14 -2.84217e-14 399.923
873 -2.84217e-14 0 392.416
874 -2.84217e-14 0 399.501
875 -2.84217e-14 -2.84217e-14 392.402
876 -2.84217e-14 -2.84217e-14 381.215
877 -2.84217e-14 -2.84217e-14 369.339
878 -2.84217e-14 0 357.878
879 0 -2.84217e-14 354.592
880 -2.84217e-14 0 364.345
881 -2.84217e-14 -2.84217e-14 366.887
882 -2.84217e-14 -2.84217e-14 363.964
883 0 0 357.959
884 -2.84217e-14 -2.84217e-14 363.717
885 -2.84217e-14 -2.84217e-14 372.808
886 -2.84217e-14 0 368.114
887 0 -2.84217e-14 366.863
888 -2.84217e-14 0 363.777
889 0 -2.84217e-14 362.913
890 -2.84217e-14 -2.84217e-14 362.18
891 -2.84217e-14 -2.84217e-14 364.476
892 -2.84217e-14 0 361.557
893 -2.84217e-14 0 366.964
894 0 -2.84217e-14 368.005
895 -2.84217e-14 -2.84217e-14 366.447
896 -2.84217e-14 0 376.322
897 -2.84217e-14 0 373.998
898 -2.84217e-14 -2.84217e-14 374.311
899 -2.84217e-14 0 380.694
900 -2.84217e-14 -2.84217e-14 384.417
901 -2.84217e-14 -2.84217e-14 386.964
902 -2.84217e-14 0 388.122
903 -2.84217e-14 0 387.482
904 -2.84217e-14 -2.84217e-14 389.493
905 -2.84217e-14 -2.84217e-14 395.89
906 -2.84217e-14 0 408.617
907 -2.84217e-14 -2.84217e-14 409.868
908 -2.84217e-14 0 423.155
909 -2.84217e-14 -2.84217e-14 419.272
910 -2.84217e-14 0 403.279
911 -2.84217e-14 -2.84217e-14 410.549
912 -2.84217e-14 -2.84217e-14 389.481
913 -2.84217e-14 0 408.019
914 -2.84217e-14 -2.84217e-14 405.447
915 -2.84217e-14 -2.84217e-14 423.468
916 -2.84217e-14 0 410.553
917 -2.84217e-14 0 411.091
918 -2.84217e-14 0 415.269
919 -2.84217e-14 0 427.053
920 -2.84217e-14 0 419.63
921 -2.84217e-14 0 427.565
922 -2.84217e-14 0 431.003
923 -2.84217e-14 0 413.146
924 -2.84217e-14 -2.84217e-14 430.538
925 -2.84217e-14 0 440.353
926 -2.84217e-14 0 447.008
927 -2.84217e-14 0 447.615
928 -2.84217e-14 0 421.836
929 -2.84217e-14 -2.84217e-14 424.574
930 -2.84217e-14 0 419.939
931 -2.84217e-14 0 422.413
932 -2.84217e-14 0 417.012
933 -2.84217e-14 0 412.778
934 -2.84217e-14 -2.84217e-14 410.212
935 -2.84217e-14 0 414.093
936 -2.84217e-14 0 407.506
937 0 -2.84217e-14 414.623
938 -2.84217e-14 0 408.933
939 -2.84217e-14 0 405.212
940 -2.84217e-14 -2.84217e-14 406.946
941 -2.84217e-14 0 402.622
942 -2.84217e-14 0 407.216
943 -2.84217e-14 0 407.243
944 -2.84217e-14 0 402.029
945 -2.84217e-14 0 399.725
946 0 0 402.23
947 0 -2.84217e-14 408.383
948 -2.84217e-14 -2.84217e-14 420.201
949 -2.84217e-14 0 429.383
950 -2.84217e-14 0 429.427
951 -2.84217e-14 -2.84217e-14 435.13
952 -2.84217e-14 -2.84217e-14 431.466
953 -2.84217e-14 0 426.116
954 -2.84217e-14 0 420.486
955 -2.84217e-14 0 415.339
956 -2.84217e-14 -2.84217e-14 416.281
957 -2.84217e-14 0 398.858
958 -2.84217e-14 0 394.059
959 -2.84217e-14 0 378.733
960 -2.84217e-14 0 378.666
961 -2.84217e-14 -2.84217e-14 379.597
962 -2.84217e-14 -2.84217e-14 375.844
963 0 0 370.173
964 -2.84217e-14 0 371.785
965 -2.84217e-14 0 371.883
966 -2.84217e-14 0 372.455
967 -2.84217e-14 -2.84217e-14 387.672
968 0 0 387.938
969 -2.84217e-14 -2.84217e-14 376.318
970 -2.84217e-14 -2.84217e-14 386.385
971 0 0 390.812
972 -2.84217e-14 0 392.679
973 -2.84217e-14 0 400.459
974 -2.84217e-14 0 409.274
975 -2.84217e-14 -2.84217e-14 427.584
976 -2.84217e-14 0 426.162
977 0 -2.84217e-14 426.444
978 -2.84217e-14 -2.84217e-14 423.458
979 -2.84217e-14 -2.84217e-14 424.211
980 -2.84217e-14 0 433.404
981 -2.84217e-14 0 423.219
982 -2.84217e-14 0 436.048
983 -2.84217e-14 -2.84217e-14 444.489
984 -2.84217e-14 0 454.29
985 -2.84217e-14 -2.84217e-14 434.417
986 -2.84217e-14 0 428.057
987 -2.84217e-14 -2.84217e-14 412.769
988 -2.84217e-14 0 395.137
989 0 -2.84217e-14 401.178
990 -2.84217e-14 0 396.656
991 -2.84217e-14 0 424.163
992 -2.84217e-14 0 427.623
993 -2.84217e-14 -2.84217e-14 425.315
994 -2.84217e-14 -2.84217e-14 436.048
995 -2.84217e-14 0 421.529
996 -2.84217e-14 0 410.661
997 0 -2.84217e-14 424.529
998 -2.84217e-14 0 426.717
999 -2.84217e-14 0 425.21
1000 -2.84217e-14 0 427.282
1001 -2.84217e-14 0 436.78
1002 -2.84217e-14 0 441.651
1003 -2.84217e-14 -2.84217e-14 444.117
1004 -2.84217e-14 -2.84217e-14 436.113
1005 -2.84217e-14 -2.84217e-14 439.191
1006 -2.84217e-14 -2.84217e-14 442.892
1007 -2.84217e-14 -2.84217e-14 441.814
1008 -2.84217e-14 -2.84217e-14 433.722
1009 -2.84217e-14 -2.84217e-14 466.36
1010 -2.84217e-14 -2.84217e-14 469.101
1011 -2.84217e-14 -2.84217e-14 475.841
1012 -5.68434e-14 -2.84217e-14 476.519
1013 -2.84217e-14 -2.84217e-14 473.265
1014 -5.68434e-14 -2.84217e-14 478.15
1015 -2.84217e-14 -2.84217e-14 475.922
1016 -2.84217e-14 0 479.429
1017 -2.84217e-14 0 478.197
1018 -2.84217e-14 0 477.551
1019 -2.84217e-14 -2.84217e-14 484.627
1020 -2.84217e-14 0 477.921
1021 -2.84217e-14 -2.84217e-14 480.513
1022 -2.84217e-14 0 479.05
1023 -2.84217e-14 0 479.18
1024 -2.84217e-14 -2.84217e-14 482.233
1025 -2.84217e-14 0 488.602
1026 -5.68434e-14 0 494.789
1027 -2.84217e-14 -2.84217e-14 492.832
1028 -2.84217e-14 0 494.898
1029 -2.84217e-14 0 496.621
1030 -2.84217e-14 -2.84217e-14 501.278
1031 -2.84217e-14 -2.84217e-14 504.828
1032 -2.84217e-14 0 503.53
1033 -2.84217e-14 0 504.482
1034 -2.84217e-14 -2.84217e-14 507.32
1035 -2.84217e-14 -2.84217e-14 511.539
1036 -2.84217e-14 0 512.017
1037 -2.84217e-14 0 517.7
1038 -2.84217e-14 0 525.12
1039 -2.84217e-14 0 528.494
1040 -2.84217e-14 -2.84217e-14 532.813
1041 -2.84217e-14 -2.84217e-14 533.888
1042 -2.84217e-14 -2.84217e-14 534.31
1043 -2.84217e-14 -2.84217e-14 538.991
1044 -2.84217e-14 -2.84217e-14 538.147
1045 -2.84217e-14 -2.84217e-14 538.819
1046 -2.84217e-14 -2.84217e-14 542.399
1047 -5.68434e-14 0 544.176
1048 -2.84217e-14 0 543.137
1049 -2.84217e-14 -2.84217e-14 542.448
1050 -2.84217e-14 -2.84217e-14 540.504
1051 -2.84217e-14 -2.84217e-14 540.602
1052 -2.84217e-14 0 544.824
1053 -5.68434e-14 0 546.152
1054 -2.84217e-14 -5.68434e-14 543.476
1055 -2.84217e-14 0 546.713
1056 -2.84217e-14 0 541.121
1057 -2.84217e-14 0 540.624
1058 -2.84217e-14 -2.84217e-14 538.474
1059 -2.84217e-14 0 537.061
1060 -2.84217e-14 0 534.118
1061 -2.84217e-14 -2.84217e-14 532.362
1062 -5.68434e-14 0 533.145
1063 -2.84217e-14 -2.84217e-14 533.796
1064 -2.84217e-14 -2.84217e-14 532.47
1065 -2.84217e-14 -2.84217e-14 530.969
1066 -5.68434e-14 -2.84217e-14 535.32
1067 -2.84217e-14 -2.84217e-14 535.621
1068 -2.84217e-14 -2.84217e-14 538.271
1069 -5.68434e-14 -2.84217e-14 538.568
1070 -2.84217e-14 0 536.481
1071 -2.84217e-14 0 537.625
1072 -2.84217e-14 -2.84217e-14 538.908
1073 -5.68434e-14 -2.84217e-14 540.987
1074 -2.84217e-14 0 539.438
1075 -2.84217e-14 -2.84217e-14 540.338
1076 -2.84217e-14 0 537.784
1077 -2.84217e-14 0 540.379
1078 -2.84217e-14 -2.84217e-14 540.781
1079 -2.84217e-14 -2.84217e-14 536.825
1080 -2.84217e-14 0 539.922
1081 -2.84217e-14 -2.84217e-14 537.068
1082 -2.84217e-14 0 534.204
1083 -2.84217e-14 0 531.566
1084 -2.84217e-14 0 531.779
1085 -2.84217e-14 -2.84217e-14 534.072
1086 -5.68434e-14 0 535.326
1087 -2.84217e-14 -2.84217e-14 536.871
1088 -2.84217e-14 -2.84217e-14 534.529
1089 -5.68434e-14 0 528.183
1090 -5.68434e-14 0 527.593
1091 -2.84217e-14 -2.84217e-14 530.452
1092 -2.84217e-14 0 530.773
1093 -2.84217e-14 0 530.275
1094 -2.84217e-14 0 528.695
1095 -2.84217e-14 -2.84217e-14 531.533
1096 -2.84217e-14 0 527.983
1097 -2.84217e-14 0 524.54
1098 -2.84217e-14 -2.84217e-14 526.89
1099 -2.84217e-14 0 524.364
1100 -5.68434e-14 -2.84217e-14 525.146
1101 -2.84217e-14 -2.84217e-14 522.593
1102 -2.84217e-14 -2.84217e-14 522.262
1103 -2.84217e-14 0 520.66
1104 -2.84217e-14 0 519.512
1105 -2.84217e-14 -2.84217e-14 522.935
1106 -2.84217e-14 0 522.198
1107 -2.84217e-14 0 520.025
1108 -2.84217e-14 0 519.966
1109 -2.84217e-14 -2.84217e-14 520.885
1110 -2.84217e-14 -2.84217e-14 520.169
1111 -2.84217e-14 0 521.181
1112 -2.84217e-14 -2.84217e-14 521.033
1113 -2.84217e-14 -2.84217e-14 518.448
1114 -2.84217e-14 -2.84217e-14 516.751
1115 -2.84217e-14 0 517.382
1116 -2.84217e-14 0 519.137
1117 -2.84217e-14 -2.84217e-14 517.298
1118 -2.84217e-14 -2.84217e-14 518.289
1119 -2.84217e-14 -2.84217e-14 520.478
1120 -2.84217e-14 -2.84217e-14 517.39
1121 -2.84217e-14 -2.84217e-14 514.642
1122 -2.84217e-14 -2.84217e-14 516.812
1123 -2.84217e-14 0 513.986
1124 -2.84217e-14 -2.84217e-14 515.294
1125 -2.84217e-14 -2.84217e-14 513.068
1126 -2.84217e-14 -2.84217e-14 516.337
1127 -2.84217e-14 -2.84217e-14 515.003
1128 -2.84217e-14 -2.84217e-14 513.884
1129 -5.68434e-14 0 512.62
1130 -2.84217e-14 0 509.744
1131 -5.68434e-14 -2.84217e-14 508.709
1132 -2.84217e-14 -2.84217e-14 503.103
1133 -2.84217e-14 0 504.639
1134 -2.84217e-14 -2.84217e-14 503.182
1135 -2.84217e-14 -2.84217e-14 501.282
1136 -2.84217e-14 0 502.574
1137 -2.84217e-14 0 497.545
1138 -5.68434e-14 -2.84217e-14 497.792
1139 -2.84217e-14 -2.84217e-14 497.161
1140 -2.84217e-14 0 497.479
1141 -2.84217e-14 -2.84217e-14 497.506
1142 -2.84217e-14 -2.84217e-14 498.453
1143 -2.84217e-14 -2.84217e-14 499.511
1144 -2.84217e-14 -2.84217e-14 502.167
1145 -5.68434e-14 0 503.793
1146 -5.68434e-14 -2.84217e-14 501.409
1147 -2.84217e-14 0 501.947
1148 -2.84217e-14 0 502.761
1149 -2.84217e-14 0 502.285
1150 -2.84217e-14 -2.84217e-14 501.212
1151 -2.84217e-14 0 500.976
1152 -2.84217e-14 -2.84217e-14 498.264
1153 -2.84217e-14 0 498.571
1154 -2.84217e-14 0 498.644
1155 -2.84217e-14 -2.84217e-14 494.867
1156 -2.84217e-14 0 494.867
1157 -2.84217e-14 0 494.312
1158 -2.84217e-14 -2.84217e-14 492.53
1159 -5.68434e-14 -2.84217e-14 491.669
1160 -2.84217e-14 -2.84217e-14 487.367
1161 -2.84217e-14 -2.84217e-14 488.705
1162 -2.84217e-14 0 487
1163 -2.84217e-14 0 481.378
1164 -2.84217e-14 -2.84217e-14 480.194
1165 -2.84217e-14 0 482.671
1166 -2.84217e-14 -2.84217e-14 483.673
1167 -2.84217e-14 0 482.922
1168 -2.84217e-14 -2.84217e-14 479.415
1169 -2.84217e-14 -2.84217e-14 482.612
1170 -2.84217e-14 -2.84217e-14 482.312
1171 -2.84217e-14 -2.84217e-14 481.185
1172 -2.84217e-14 0 478.856
1173 -2.84217e-14 -2.84217e-14 477.482
1174 -2.84217e-14 -2.84217e-14 479.272
1175 -2.84217e-14 0 480.765
1176 -2.84217e-14 -2.84217e-14 480.478
1177 -2.84217e-14 -2.84217e-14 476.71
1178 -2.84217e-14 0 475.687
1179 -2.84217e-14 0 477.54
1180 -2.84217e-14 0 476.823
1181 -2.84217e-14 -2.84217e-14 474.669
1182 -2.84217e-14 0 471.528
1183 -2.84217e-14 0 471.684
1184 -2.84217e-14 0 467.388
1185 -2.84217e-14 0 467.313
1186 -2.84217e-14 0 465.099
1187 -2.84217e-14 -2.84217e-14 467.891
1188 -2.84217e-14 -2.84217e-14 470.022
1189 -2.84217e-14 0 475.793
1190 -2.84217e-14 0 482.837
1191 -2.84217e-14 -2.84217e-14 476.441
1192 -2.84217e-14 -2.84217e-14 479.363
1193 -2.84217e-14 -2.84217e-14 476.896
1194 -2.84217e-14 -2.84217e-14 474.216
1195 -2.84217e-14 -2.84217e-14 476.153
1196 -2.84217e-14 -2.84217e-14 484.108
1197 -2.84217e-14 0 485.862
1198 -2.84217e-14 -2.84217e-14 487.796
1199 -2.84217e-14 -2.84217e-14 487.176
1200 -2.84217e-14 -2.84217e-14 490.979
1201 -2.84217e-14 -2.84217e-14 489.629
1202 -2.84217e-14 -2.84217e-14 489.503
1203 -2.84217e-14 0 485.202
1204 -2.84217e-14 0 484.034
1205 -2.84217e-14 -2.84217e-14 479.607
1206 -2.84217e-14 0 480.369
1207 -2.84217e-14 -2.84217e-14 480.168
1208 -2.84217e-14 -2.84217e-14 479.286
1209 -2.84217e-14 -2.84217e-14 473.754
1210 -2.84217e-14 -2.84217e-14 475.948
1211 -2.84217e-14 -2.84217e-14 469.569
1212 -2.84217e-14 0 465.505
1213 -2.84217e-14 0 463.211
1214 -2.84217e-14 -2.84217e-14 457.462
1215 -2.84217e-14 0 457.875
1216 -2.84217e-14 0 456.485
1217 -5.68434e-14 -2.84217e-14 451.596
1218 -2.84217e-14 0 451.773
1219 -2.84217e-14 -2.84217e-14 444.926
1220 -2.84217e-14 -2.84217e-14 444.149
1221 -2.84217e-14 0 442.988
1222 -2.84217e-14 -2.84217e-14 438.377
1223 -2.84217e-14 -2.84217e-14 436.959
1224 -2.84217e-14 -2.84217e-14 432.605
1225 -2.84217e-14 0 424.279
1226 -2.84217e-14 0 413.635
1227 -2.84217e-14 -2.84217e-14 411.108
1228 -2.84217e-14 -2.84217e-14 405.914
1229 -2.84217e-14 0 403.793
1230 -2.84217e-14 0 406.352
1231 -2.84217e-14 0 403.738
1232 -2.84217e-14 -2.84217e-14 402.253
1233 -2.84217e-14 -2.84217e-14 408.246
1234 -2.84217e-14 0 400.561
1235 -2.84217e-14 0 406.065
1236 -2.84217e-14 0 407.577
1237 -2.84217e-14 -2.84217e-14 404.709
1238 -2.84217e-14 -2.84217e-14 404.279
1239 -2.84217e-14 0 400.778
1240 0 0 408.441
1241 -2.84217e-14 0 412.429
1242 -2.84217e-14 0 415.171
1243 0 0 415.883
1244 -2.84217e-14 -2.84217e-14 428.908
1245 -2.84217e-14 -2.84217e-14 426.059
1246 -2.84217e-14 0 435.531
1247 -2.84217e-14 -2.84217e-14 442.445
1248 -2.84217e-14 -2.84217e-14 458.015
1249 -2.84217e-14 -2.84217e-14 447.257
1250 -2.84217e-14 -2.84217e-14 452.446
1251 -2.84217e-14 0 457.171
1252 -2.84217e-14 -2.84217e-14 455.971
1253 -2.84217e-14 0 464.804
1254 -2.84217e-14 0 479.482
1255 -2.84217e-14 -2.84217e-14 467.959
1256 -2.84217e-14 -2.84217e-14 469.066
1257 -2.84217e-14 -2.84217e-14 481.424
1258 -2.84217e-14 -2.84217e-14 480.558
1259 -2.84217e-14 -2.84217e-14 477.201
1260 -2.84217e-14 0 465.123
1261 -2.84217e-14 0 473.837
1262 -2.84217e-14 0 485.407
1263 -2.84217e-14 -2.84217e-14 476.574
1264 -2.84217e-14 0 474.57
1265 -2.84217e-14 0 474.839
1266 -2.84217e-14 0 473.23
1267 -5.68434e-14 -2.84217e-14 474.245
1268 -2.84217e-14 0 463.692
1269 -2.84217e-14 0 468.046
1270 -2.84217e-14 -2.84217e-14 451.723
1271 -2.84217e-14 -2.84217e-14 451.828
1272 -2.84217e-14 0 447.057
1273 -2.84217e-14 0 448.273
1274 -2.84217e-14 0 450.576
1275 -2.84217e-14 -2.84217e-14 454.29
1276 -2.84217e-14 -2.84217e-14 449.632
1277 -2.84217e-14 0 448.191
1278 -2.84217e-14 -2.84217e-14 447.973
1279 -5.68434e-14 -2.84217e-14 446.705
1280 -2.84217e-14 -2.84217e-14 446.492
1281 -2.84217e-14 -2.84217e-14 443.554
1282 -2.84217e-14 -2.84217e-14 437.766
1283 -2.84217e-14 -2.84217e-14 434.829
1284 -2.84217e-14 0 437.117
1285 -2.84217e-14 -2.84217e-14 433.63
1286 -2.84217e-14 0 430.641
1287 -2.84217e-14 0 429.028
1288 -2.84217e-14 0 426.054
1289 -2.84217e-14 0 427.347
1290 0 -2.84217e-14 424.21
1291 0 -2.84217e-14 426.335
1292 -2.84217e-14 0 419.566
1293 -2.84217e-14 0 420.302
1294 -2.84217e-14 -2.84217e-14 420.176
1295 -2.84217e-14 -2.84217e-14 421.507
1296 -2.84217e-14 0 422.657
1297 -2.84217e-14 -2.84217e-14 421.247
1298 -2.84217e-14 0 421.809
1299 -2.84217e-14 0 418.679
1300 -2.84217e-14 0 416.231
1301 -2.84217e-14 0 413.18
1302 -2.84217e-14 0 414.524
1303 -2.84217e-14 -2.84217e-14 413.826
1304 -2.84217e-14 0 410.227
1305 -2.84217e-14 -2.84217e-14 414.017
1306 -2.84217e-14 0 414.709
1307 -2.84217e-14 0 415.488
1308 -2.84217e-14 -2.84217e-14 419.859
1309 -2.84217e-14 0 419.185
1310 -2.84217e-14 -2.84217e-14 423.266
1311 -2.84217e-14 0 422.138
1312 -2.84217e-14 0 421.872
1313 -2.84217e-14 0 420.201
1314 -2.84217e-14 0 422.662
1315 -2.84217e-14 -2.84217e-14 426.265
1316 -2.84217e-14 0 434.717
1317 -2.84217e-14 0 429.237
1318 -2.84217e-14 0 433.923
1319 -2.84217e-14 -2.84217e-14 437.351
1320 -2.84217e-14 -2.84217e-14 439.548
1321 -2.84217e-14 -2.84217e-14 441.707
1322 -2.84217e-14 -2.84217e-14 443.518
1323 -2.84217e-14 0 446.517
1324 -2.84217e-14 0 449.274
1325 -2.84217e-14 -2.84217e-14 447.974
1326 -2.84217e-14 -2.84217e-14 450.032
1327 -5.68434e-14 -2.84217e-14 453.529
1328 -2.84217e-14 -2.84217e-14 453.314
1329 -2.84217e-14 -2.84217e-14 452.906
1330 -2.84217e-14 -2.84217e-14 457.111
1331 -2.84217e-14 0 462.961
1332 -2.84217e-14 -2.84217e-14 461.952
1333 -2.84217e-14 0 465.681
1334 -2.84217e-14 -2.84217e-14 472.674
1335 -2.84217e-14 -2.84217e-14 473.09
1336 -2.84217e-14 -2.84217e-14 475.452
1337 -2.84217e-14 0 474.478
1338 -2.84217e-14 -2.84217e-14 478.824
1339 -2.84217e-14 -2.84217e-14 480.181
1340 -2.84217e-14 -2.84217e-14 481.356
1341 -2.84217e-14 -2.84217e-14 478.108
1342 -5.68434e-14 -2.84217e-14 480.751
1343 -2.84217e-14 0 478.985
1344 -2.84217e-14 -2.84217e-14 480.652
1345 -2.84217e-14 0 484.245
1346 -2.84217e-14 -2.84217e-14 485.51
1347 -2.84217e-14 -2.84217e-14 485.347
1348 -2.84217e-14 -2.84217e-14 481.936
1349 -5.68434e-14 0 483.691
1350 -2.84217e-14 -2.84217e-14 485.624
1351 -2.84217e-14 -2.84217e-14 489.14
1352 -2.84217e-14 -2.84217e-14 490.724
1353 -2.84217e-14 0 495.986
1354 -2.84217e-14 -2.84217e-14 500.405
1355 -2.84217e-14 0 504.782
1356 -2.84217e-14 0 504.669
1357 -2.84217e-14 0 505.92
1358 -2.84217e-14 0 508.806
1359 -5.68434e-14 -2.84217e-14 510.319
1360 -2.84217e-14 0 513.118
1361 -2.84217e-14 -2.84217e-14 516.315
1362 -2.84217e-14 -2.84217e-14 518.457
1363 -2.84217e-14 -2.84217e-14 519.402
1364 -2.84217e-14 -2.84217e-14 521.862
1365 -2.84217e-14 -2.84217e-14 524.428
1366 -2.84217e-14 0 525.701
1367 -2.84217e-14 -2.84217e-14 529.724
1368 -2.84217e-14 0 529.308
1369 -2.84217e-14 0 528.932
1370 -5.68434e-14 -2.84217e-14 529.536
1371 -5.68434e-14 0 528.938
1372 -2.84217e-14 0 533.338
1373 -5.68434e-14 0 531.748
1374 -2.84217e-14 -2.84217e-14 531.41
1375 -2.84217e-14 -2.84217e-14 532.016
1376 -2.84217e-14 0 533.644
1377 -2.84217e-14 -2.84217e-14 534.517
1378 -2.84217e-14 0 533.315
1379 -2.84217e-14 0 531.096
1380 -2.84217e-14 -2.84217e-14 529.997
1381 -2.84217e-14 -2.84217e-14 529.275
1382 -5.68434e-14 0 532.883
1383 -2.84217e-14 -2.84217e-14 532.575
1384 -2.84217e-14 0 532.265
1385 -2.84217e-14 0 535.778
1386 -5.68434e-14 0 535.139
1387 -2.84217e-14 0 535.839
1388 -5.68434e-14 -2.84217e-14 538.045
1389 -2.84217e-14 0 538.253
1390 -2.84217e-14 0 534.515
1391 -2.84217e-14 0 533.843
1392 -2.84217e-14 -2.84217e-14 532.596
1393 -5.68434e-14 -2.84217e-14 530.726
1394 -2.84217e-14 -2.84217e-14 534.666
1395 -2.84217e-14 -2.84217e-14 534.595
1396 -2.84217e-14 0 533.684
1397 -2.84217e-14 0 530.167
1398 -2.84217e-14 -2.84217e-14 533.391
1399 -2.84217e-14 -2.84217e-14 536.65
1400 -2.84217e-14 0 536.836
1401 -2.84217e-14 -2.84217e-14 535.447
1402 -2.84217e-14 0 533.008
1403 -2.84217e-14 -2.84217e-14 536.974
1404 -2.84217e-14 0 538.341
1405 -2.84217e-14 0 538.896
1406 -2.84217e-14 -2.84217e-14 542.468
1407 -2.84217e-14 -2.84217e-14 538.536
1408 -5.68434e-14 -2.84217e-14 533.323
1409 -2.84217e-14 -2.84217e-14 535.196
1410 -2.84217e-14 -2.84217e-14 534.537
1411 -5.68434e-14 0 536.735
1412 -2.84217e-14 0 532.546
1413 -5.68434e-14 0 531.513
1414 -2.84217e-14 -2.84217e-14 534.511
1415 -2.84217e-14 -2.84217e-14 534.067
1416 -2.84217e-14 -2.84217e-14 533.214
1417 -2.84217e-14 0 526.483
1418 -5.68434e-14 -2.84217e-14 529.996
1419 -2.84217e-14 -2.84217e-14 531.05
1420 -2.84217e-14 0 530.685
1421 -2.84217e-14 -2.84217e-14 528.542
1422 -2.84217e-14 -2.84217e-14 526.44
1423 -2.84217e-14 -2.84217e-14 524.101
1424 -5.68434e-14 -2.84217e-14 522.816
1425 -2.84217e-14 -2.84217e-14 520.505
1426 -2.84217e-14 0 520.531
1427 -2.84217e-14 -2.84217e-14 519.368
1428 -2.84217e-14 0 520.941
1429 -2.84217e-14 -2.84217e-14 522.334
1430 -2.84217e-14 0 521.545
1431 -2.84217e-14 -2.84217e-14 521.804
1432 -2.84217e-14 0 518.507
1433 -2.84217e-14 0 517.848
1434 -2.84217e-14 0 517.24
1435 -2.84217e-14 0 518.789
1436 -5.68434e-14 0 514.55
1437 -2.84217e-14 -2.84217e-14 513.755
1438 -2.84217e-14 0 515.214
1439 -2.84217e-14 -2.84217e-14 514.911
1440 -2.84217e-14 0 516.354
1441 -5.68434e-14 -2.84217e-14 515.816
1442 -2.84217e-14 0 515.023
1443 -5.68434e-14 -2.84217e-14 513.536
1444 -2.84217e-14 -2.84217e-14 513.62
1445 -2.84217e-14 0 516.435
1446 -2.84217e-14 -2.84217e-14 517.624
1447 -2.84217e-14 -2.84217e-14 518.682
1448 -2.84217e-14 0 513.841
1449 -5.68434e-14 -2.84217e-14 512.02
1450 -2.84217e-14 0 513.186
1451 -2.84217e-14 -2.84217e-14 513.72
1452 -2.84217e-14 0 513.443
1453 -2.84217e-14 -2.84217e-14 517.59
1454 -2.84217e-14 -2.84217e-14 521.045
1455 -2.84217e-14 0 519.453
1456 -2.84217e-14 0 518.644
1457 -2.84217e-14 0 513.723
1458 -2.84217e-14 0 511.808
1459 -2.84217e-14 -2.84217e-14 512.218
1460 -2.84217e-14 0 508.303
1461 -2.84217e-14 -2.84217e-14 511.671
1462 -2.84217e-14 -2.84217e-14 514.946
1463 -2.84217e-14 -2.84217e-14 520.797
1464 -2.84217e-14 -2.84217e-14 523.671
1465 -5.68434e-14 -2.84217e-14 529.247
1466 -2.84217e-14 -2.84217e-14 526.115
1467 -2.84217e-14 -2.84217e-14 527.378
1468 -2.84217e-14 0 524.956
1469 -2.84217e-14 0 525.713
1470 -2.84217e-14 0 525.737
1471 -2.84217e-14 0 529.691
1472 -5.68434e-14 -2.84217e-14 527.897
1473 -2.84217e-14 -2.84217e-14 523.894
