Epoch   E(m)   N(m)   U(m)
1 0.00434117 -0.00127353 0.0467332
2 0.346118 -0.169677 0.141531
3 0.798911 -0.135022 0.787091
4 0.827825 -0.393966 0.725555
5 0.846331 -0.299526 0.657728
6 0.846301 -0.18336 0.448033
7 0.837893 -0.192023 0.381768
8 0.877537 -0.201003 0.233752
9 0.879159 -0.259127 0.29658
10 0.916107 -0.301054 0.506311
11 0.88662 -0.295994 0.492758
12 0.875908 -0.315483 0.578427
13 0.922821 -0.287172 0.548934
14 0.875344 -0.279946 0.579881
15 0.926317 -0.331107 0.701844
16 0.880378 -0.332471 0.68113
17 0.820761 -0.337011 0.74288
18 0.77093 -0.366004 0.742202
19 0.799616 -0.355956 0.775283
20 0.788278 -0.380692 0.765573
21 0.748956 -0.356067 0.721484
22 0.697648 -0.317977 0.673011
23 0.69361 -0.244334 0.615574
24 0.659959 -0.270996 0.617475
25 0.644441 -0.273079 0.673435
26 0.652791 -0.269364 0.711803
27 0.593822 -0.289728 0.741767
28 0.635443 -0.261092 0.740144
29 0.587177 -0.251665 0.771044
30 0.556099 -0.373326 0.714034
31 0.585931 -0.354297 0.68413
32 0.567651 -0.341602 0.665876
33 0.553411 -0.373655 0.66612
34 0.576558 -0.350665 0.678841
35 0.581432 -0.357315 0.658336
36 0.564896 -0.421137 0.666653
37 0.605399 -0.306503 0.782163
38 0.607637 -0.282254 0.772216
39 0.635467 -0.251609 0.748662
40 0.64318 -0.236734 0.79694
41 0.64157 -0.198724 0.818252
42 0.641973 -0.207582 0.797633
43 0.649404 -0.194543 0.821635
44 0.630411 -0.179575 0.815936
45 0.637872 -0.177831 0.819791
46 0.628228 -0.159094 0.837669
47 0.646022 -0.155074 0.830743
48 0.623385 -0.161531 0.833217
49 0.635046 -0.158598 0.8259
50 0.650355 -0.153148 0.837113
51 0.648062 -0.165821 0.82561
52 0.654078 -0.173222 0.829364
53 0.657181 -0.250851 0.677585
54 0.679344 -0.237628 0.653049
55 0.681295 -0.245975 0.641364
56 0.668449 -0.249975 0.692253
57 0.664239 -0.246224 0.695317
58 0.661891 -0.254077 0.711348
59 0.661766 -0.253956 0.726277
60 0.65929 -0.256224 0.73554
61 0.663146 -0.268681 0.770095
62 0.487365 -0.260367 0.451849
63 0.487024 -0.273765 0.468307
64 0.463527 -0.280687 0.493219
65 0.451409 -0.291015 0.506843
66 0.446631 -0.194618 0.723792
67 0.439706 -0.189767 0.753691
68 0.429727 -0.201392 0.777297
69 0.443037 -0.219267 0.758236
70 0.455087 -0.231577 0.779873
71 0.470538 -0.241952 0.761638
72 0.469655 -0.248121 0.784103
73 0.464246 -0.260559 0.823715
74 0.45381 -0.267983 0.813439
75 0.450577 -0.2708 0.8423
76 0.42846 -0.287198 0.853307
77 0.428965 -0.284576 0.842066
78 0.42027 -0.275551 0.832971
79 0.397278 -0.341025 0.726755
80 0.40623 -0.357129 0.722769
81 0.403156 -0.362285 0.738168
82 0.429942 -0.271018 0.853315
83 0.408064 -0.331383 0.759597
84 0.399967 -0.304838 0.813371
85 0.421987 -0.254417 0.845542
86 0.405569 -0.275237 0.841105
87 0.402469 -0.258746 0.856923
88 0.411371 -0.249659 0.861747
89 0.40702 -0.262353 0.872751
90 0.399918 -0.256678 0.872314
91 0.406442 -0.253952 0.903069
92 0.40664 -0.274428 0.887772
93 0.409899 -0.276282 0.888629
94 0.418528 -0.256821 0.935385
95 0.400694 -0.278851 0.917444
96 0.405851 -0.273661 0.932173
97 0.417597 -0.258814 0.956987
98 0.403498 -0.275997 0.949081
99 0.416627 -0.269439 0.943275
100 0.345062 -0.361191 0.855601
101 0.334372 -0.369921 0.834443
102 0.35102 -0.367335 0.844475
103 0.360677 -0.35584 0.852137
104 0.353287 -0.350007 0.845122
105 0.429992 -0.247487 0.985712
106 0.416793 -0.268568 0.962358
107 0.36559 -0.31844 0.886795
108 0.400146 -0.278699 0.934604
109 0.403574 -0.267454 0.949003
110 0.382741 -0.273981 0.9292
111 0.371808 -0.283939 0.94615
112 0.363964 -0.279405 0.954925
113 0.330028 -0.293024 0.923315
114 0.333364 -0.294253 0.945824
115 0.336732 -0.28995 0.964118
116 0.328301 -0.300464 0.944072
117 0.329608 -0.299978 0.939145
118 0.323486 -0.304307 0.942219
119 0.30176 -0.324094 0.94721
120 0.309767 -0.315813 0.953407
121 0.30341 -0.315456 0.935911
122 0.309474 -0.298522 0.931481
123 0.289413 -0.357887 0.830538
124 0.278445 -0.357554 0.84523
125 0.259296 -0.404484 0.759238
126 0.283384 -0.338803 0.889006
127 0.277466 -0.34671 0.851075
128 0.290672 -0.263233 0.989178
129 0.285996 -0.245842 1.01486
130 0.280493 -0.273265 0.979459
131 0.262076 -0.322314 0.887682
132 0.268572 -0.307741 0.924555
133 0.292812 -0.240342 1.05106
134 0.302325 -0.225581 1.06859
135 0.326293 -0.192096 1.10892
136 0.290507 -0.284973 0.945363
137 0.316774 -0.232493 1.05182
138 0.328697 -0.21195 1.07013
139 0.321872 -0.2307 1.03486
140 0.319192 -0.233826 0.99443
141 0.325018 -0.218208 1.03086
142 0.322876 -0.225471 1.01577
143 0.314666 -0.235892 0.999355
144 0.333616 -0.221287 1.00659
145 0.32316 -0.226297 1.00742
146 0.336558 -0.216506 1.02863
147 0.330831 -0.212126 1.03831
148 0.328888 -0.208648 1.0322
149 0.323048 -0.213834 1.04395
150 0.325907 -0.207028 1.03395
151 0.331186 -0.207186 1.03569
152 0.333845 -0.200591 1.044
153 0.339824 -0.200345 1.04813
154 0.33862 -0.20201 1.04392
155 0.348075 -0.209237 1.04688
156 0.360015 -0.203518 1.03347
157 0.372268 -0.191037 1.06393
158 0.378937 -0.182898 1.07015
159 0.385124 -0.184623 1.07849
160 0.384262 -0.181983 1.06049
161 0.377846 -0.191577 1.07278
162 0.381616 -0.181961 1.06595
163 0.382895 -0.174608 1.08342
164 0.380636 -0.169366 1.10093
165 0.386735 -0.160485 1.10488
166 0.381675 -0.16404 1.11177
167 0.377579 -0.162651 1.1082
168 0.387463 -0.152708 1.11854
169 0.387806 -0.151596 1.12294
170 0.388893 -0.146789 1.11402
171 0.393787 -0.144061 1.13042
172 0.387527 -0.143476 1.12072
173 0.388958 -0.133887 1.13766
174 0.383971 -0.138721 1.11621
175 0.386772 -0.136098 1.10908
176 0.389732 -0.132674 1.10853
177 0.0925539 0.0570836 0.365087
178 0.102356 0.0610638 0.36656
179 0.106412 0.0453644 0.389719
180 0.131731 0.0339622 0.415767
181 0.168679 0.0117258 0.496061
182 0.223041 -0.00150312 0.660497
183 0.232254 0.00254023 0.662905
184 0.24771 -0.009726 0.685739
185 0.264546 -0.02293 0.708258
186 0.272383 -0.0376784 0.719771
187 0.27298 -0.0398925 0.716698
188 0.287573 -0.0496144 0.719748
189 0.293725 -0.0644281 0.712328
190 0.299218 -0.0692178 0.697542
191 0.305616 -0.0791291 0.69847
192 0.317261 -0.0998943 0.696151
193 0.317987 -0.106661 0.666808
194 0.327117 -0.114427 0.652852
195 0.331411 -0.123883 0.645209
196 0.3434 -0.119202 0.619734
197 0.342865 -0.131666 0.579724
198 0.337161 -0.136122 0.537548
199 0.350128 -0.145809 0.502641
200 0.35611 -0.152649 0.462115
201 0.357563 -0.154784 0.413682
202 0.385207 -0.177975 0.402931
203 0.349332 0.0304546 0.87367
204 0.361032 0.0316829 0.869965
205 0.367449 0.0319601 0.862337
206 0.377815 0.0410302 0.856856
207 0.387438 0.0442384 0.842636
208 0.402508 0.0472941 0.850473
209 0.412277 0.0462102 0.853053
210 0.425134 0.0576952 0.827347
211 0.435073 0.0521638 0.846837
212 0.452677 0.0568461 0.835496
213 0.470377 0.0352015 0.7896
214 0.132377 -0.187784 1.69425
215 0.136919 -0.190666 1.70733
216 0.142753 -0.186703 1.71916
217 0.14628 -0.187388 1.71357
218 0.156059 -0.183173 1.72693
219 0.167332 -0.28451 1.49603
220 0.154711 -0.0400832 2.05259
221 0.149623 -0.0684972 1.97935
222 0.138071 -0.0504428 1.97904
223 0.137216 -0.0724452 1.93481
224 0.00185039 -0.313182 1.28705
225 0.0165965 -0.331471 1.29569
226 0.0228158 -0.346306 1.2945
227 0.031033 -0.343775 1.26885
228 0.0490515 -0.349317 1.31804
229 0.0657293 -0.333778 1.36468
230 0.0612258 -0.330153 1.37945
231 0.0771109 -0.331923 1.37514
232 0.0877471 -0.306865 1.46842
233 0.087549 -0.302364 1.47172
234 0.0801356 -0.31353 1.43036
235 0.0808009 -0.315811 1.45378
236 0.0934023 -0.316626 1.4682
237 0.0874254 -0.313066 1.48985
238 0.0837811 -0.306814 1.50885
239 0.0781861 -0.304311 1.50758
240 0.0721478 -0.29611 1.51727
241 0.0836566 -0.289089 1.5383
242 0.0856541 -0.274618 1.54994
243 0.0856556 -0.2685 1.55536
244 0.0844917 -0.264415 1.57701
245 0.0921407 -0.251251 1.61502
246 0.108198 -0.241133 1.66391
247 0.121246 -0.239049 1.66312
248 0.115358 -0.234576 1.67268
249 0.124841 -0.2322 1.67094
250 0.121906 -0.232845 1.69031
251 0.120723 -0.24144 1.68597
252 0.113872 -0.2426 1.67394
253 0.113699 -0.244008 1.67589
254 0.113168 -0.245605 1.69051
255 0.11616 -0.228408 1.68588
256 0.12511 -0.216611 1.70831
257 0.129315 -0.207407 1.71292
258 0.128679 -0.202375 1.74829
259 0.123747 -0.211773 1.73989
260 0.127325 -0.2126 1.73372
261 0.128812 -0.20809 1.72713
262 0.1362 -0.197459 1.73646
263 0.131795 -0.195495 1.7502
264 0.133755 -0.18835 1.75431
265 0.13376 -0.191005 1.72651
266 0.134097 -0.190764 1.74869
267 0.14031 -0.190168 1.76351
268 0.132399 -0.177208 1.78292
269 0.13252 -0.169221 1.79128
270 0.137682 -0.157383 1.79044
271 0.133614 -0.150746 1.80619
272 0.137792 -0.151156 1.81767
273 0.142008 -0.154803 1.82572
274 0.144417 -0.161299 1.82842
275 0.156775 -0.158116 1.84605
276 0.150151 -0.166563 1.84589
277 0.149433 -0.17629 1.8365
278 0.145608 -0.16742 1.84474
279 0.150408 -0.155012 1.86359
280 0.143413 -0.152494 1.88495
281 0.149792 -0.153391 1.88631
282 0.156714 -0.161709 1.89954
283 0.15342 -0.153635 1.92132
284 0.153823 -0.153912 1.91413
285 0.148538 -0.149483 1.94196
286 0.159261 -0.142917 1.93782
287 0.154526 -0.144332 1.93274
288 0.156018 -0.154837 1.92154
289 0.152026 -0.149263 1.91307
290 0.146101 -0.147317 1.91373
291 0.15419 -0.14466 1.91768
292 0.146167 -0.144786 1.93432
293 0.14496 -0.146141 1.91948
294 0.148719 -0.138607 1.92584
295 0.15438 -0.142578 1.94817
296 0.15406 -0.145901 1.93505
297 0.140895 -0.149812 1.93946
298 0.148531 -0.146835 1.93683
299 0.145376 -0.142686 1.92766
300 0.152087 -0.157044 1.88705
301 0.156383 -0.150667 1.89741
302 0.400932 -0.124824 1.84984
303 0.42236 -0.174001 1.72566
304 0.368857 -0.044759 1.99796
305 0.397747 -0.101809 1.8668
306 0.392549 -0.0978334 1.8876
307 0.386836 -0.0876926 1.90922
308 0.384853 -0.0902021 1.89295
309 0.394304 -0.0919978 1.88001
310 0.39208 -0.0967342 1.8652
311 0.391247 -0.0868493 1.8732
312 0.403908 -0.0874808 1.86099
313 0.401819 -0.0869658 1.87012
314 0.410387 -0.0761839 1.87474
315 0.402821 -0.0713775 1.88812
316 0.401861 -0.0682675 1.88691
317 0.410826 -0.0652598 1.90993
318 0.41544 -0.0684866 1.90294
319 0.414114 -0.06868 1.90267
320 0.409852 -0.0636255 1.8847
321 0.413157 -0.0619549 1.89718
322 0.415686 -0.0678278 1.9016
323 0.419877 -0.0647685 1.90388
324 0.420739 -0.0623644 1.88544
325 0.427459 -0.0587683 1.84665
326 0.427181 -0.0639044 1.83974
327 0.429623 -0.0573004 1.83124
328 0.425427 -0.0541441 1.85308
329 0.428301 -0.0488154 1.84968
330 0.432274 -0.0539421 1.851
331 0.433212 -0.0458844 1.83936
332 0.44207 -0.0443823 1.82855
333 0.438654 -0.0506906 1.83041
334 0.441547 -0.0519932 1.81207
335 0.440396 -0.048226 1.82239
336 0.444724 -0.0436198 1.81344
337 0.446 -0.0336725 1.80972
338 0.436868 -0.0328243 1.82031
339 0.438754 -0.0244581 1.81091
340 0.435287 -0.0237263 1.80249
341 0.432322 -0.0211774 1.81298
342 0.437844 -0.0161325 1.81094
343 0.440212 -0.00912801 1.79931
344 0.435914 -0.00701831 1.79404
345 0.436609 0.000345215 1.78102
346 0.444344 0.00421109 1.7674
347 0.437516 0.00446646 1.75835
348 0.437878 0.00847776 1.74653
349 0.448499 0.0120887 1.75988
350 0.444467 0.0117336 1.75748
351 0.441904 -0.0175471 1.67509
352 0.449501 0.00785154 1.71212
353 0.453938 -0.0175155 1.63685
354 0.449976 -0.0548697 1.54502
355 0.453997 -0.0334272 1.62072
356 0.456774 -0.0104119 1.66668
357 0.451601 -0.0217735 1.62818
358 0.472469 0.0272457 1.70117
359 0.475392 0.050961 1.74962
360 0.466025 0.0264174 1.70322
361 0.474494 0.0407276 1.72588
362 0.470272 0.0195469 1.68594
363 0.472054 0.020515 1.67892
364 0.470271 0.0191117 1.67256
365 0.466581 0.011483 1.62342
366 0.469365 0.0266363 1.64065
367 0.476266 0.0232925 1.63119
368 0.475181 0.0307911 1.65281
369 0.483866 0.0460487 1.66697
370 0.474939 0.0446127 1.64632
371 0.485606 0.0433739 1.64775
372 0.486796 0.0398216 1.65015
373 0.497959 0.0365655 1.63415
374 0.500788 0.0351534 1.63326
375 0.644786 0.0704822 1.28784
376 0.64617 0.0623177 1.29365
377 0.647015 0.063231 1.28608
378 0.637981 0.0689506 1.2844
379 0.446182 0.0266116 1.76081
380 0.384319 0.0118371 1.93571
381 0.371228 0.00975228 1.95714
382 0.362654 0.00611811 1.95298
383 0.501239 0.030574 1.61103
384 0.53892 0.0420092 1.52996
385 0.615498 0.0600238 1.36117
386 0.627478 0.0557772 1.33019
387 0.590602 0.0444962 1.4249
388 0.595734 0.0525389 1.41937
389 0.574932 0.0426302 1.47863
390 0.599928 0.0464323 1.4332
391 0.595308 0.0529803 1.46092
392 0.601795 0.0539219 1.46828
393 0.60158 0.0572105 1.4654
394 0.601062 0.0553229 1.44186
395 0.609033 0.0566885 1.43918
396 0.606026 0.0635031 1.45051
397 0.59494 0.0619925 1.44615
398 0.605662 0.0640348 1.43834
399 0.605416 0.0630721 1.43935
400 0.617443 0.0642326 1.43493
401 0.621189 0.0673461 1.41785
402 0.624995 0.0662348 1.43391
403 0.637342 0.0638704 1.43163
404 0.633781 0.0566425 1.45865
405 0.63857 0.0567693 1.45569
406 0.646388 0.0572397 1.4723
407 0.648555 0.0609513 1.42846
408 0.648621 0.0593166 1.42117
409 0.638562 0.0604852 1.42864
410 0.645838 0.0597122 1.41686
411 0.668579 0.057206 1.392
412 0.673908 0.0544929 1.36656
413 0.701257 0.0479183 1.31056
414 0.714703 0.0509111 1.2712
415 0.720252 0.0530236 1.26317
416 0.729506 0.0567298 1.26123
417 0.732726 0.0604461 1.25076
418 0.750665 0.0593993 1.23534
419 0.753618 0.0625222 1.20818
420 0.750119 0.0610631 1.20532
421 0.698006 0.0602679 1.30982
422 0.378886 0.215173 1.87473
423 0.384904 0.19993 1.81418
424 0.3659 0.247187 1.92218
425 0.36973 0.23235 1.88819
426 0.364268 0.238597 1.90743
427 0.365081 0.201166 1.8078
428 0.361047 0.20423 1.78782
429 0.371145 0.207988 1.78516
430 0.367456 0.187828 1.72923
431 0.367541 0.190516 1.72225
432 0.367215 0.184658 1.69913
433 0.359898 0.190203 1.70797
434 0.357202 0.187024 1.68269
435 0.359761 0.197633 1.68581
436 0.364283 0.190303 1.67198
437 0.360798 0.190957 1.64994
438 0.359735 0.185731 1.62134
439 0.366654 0.178229 1.58093
440 0.359119 0.183924 1.5858
441 0.356733 0.191714 1.57212
442 0.357476 0.189345 1.56944
443 0.365093 0.188067 1.52191
444 0.360683 0.180827 1.50539
445 0.366408 0.175493 1.48242
446 0.369219 0.174843 1.45294
447 0.373293 0.169717 1.44597
448 0.372349 0.161204 1.42047
449 0.389622 0.116187 1.30486
450 0.384563 0.109712 1.27145
451 -0.0102311 0.405702 0.340276
452 -0.00221949 0.395527 0.340724
453 0.0174821 0.380767 0.363421
454 0.0308701 0.376253 0.342482
455 0.038501 0.363239 0.353318
456 0.0521078 0.35327 0.368118
457 0.0621038 0.341448 0.345782
458 0.0732878 0.326815 0.348072
459 0.0848958 0.31436 0.363046
460 0.102989 0.302836 0.372896
461 0.115759 0.290726 0.370107
462 0.145559 0.267784 0.35363
463 0.164287 0.255286 0.367616
464 0.17766 0.227368 0.371548
465 0.202526 0.213142 0.357814
466 0.207687 0.195841 0.358364
467 0.0153417 0.453245 1.10769
468 0.0210462 0.445437 1.1381
469 0.0270199 0.45184 1.14647
470 0.0345122 0.449099 1.17033
471 0.0407885 0.452206 1.15913
472 0.0401618 0.453041 1.13942
473 0.055412 0.451835 1.16822
474 0.0620898 0.456648 1.1778
475 0.0469009 0.453119 1.18511
476 0.0438334 0.450421 1.19791
477 0.0373508 0.458288 1.20248
478 0.0286391 0.45409 1.20769
479 0.0274013 0.462929 1.21538
480 0.0189983 0.46653 1.2267
481 0.00952397 0.466528 1.23422
482 0.0016079 0.47577 1.23197
483 -0.000992193 0.474696 1.24206
484 -0.000588821 0.485961 1.21649
485 -0.00638361 0.48832 1.22725
486 -0.016557 0.485116 1.24245
487 -0.0094484 0.484921 1.26891
488 -0.00250647 0.483509 1.26505
489 -0.00496834 0.482329 1.27312
490 -0.00926277 0.487812 1.25895
491 0.00133753 0.478249 1.28248
492 0.0059434 0.480061 1.30155
493 0.0101433 0.477843 1.29217
494 0.00363222 0.476075 1.30293
495 -0.00167934 0.480511 1.30042
496 0.0201124 0.476105 1.28133
497 0.025481 0.476747 1.29105
498 0.0251948 0.486385 1.27801
499 0.017117 0.483656 1.2853
500 0.0186823 0.48596 1.28515
501 0.0290685 0.484574 1.27562
502 0.0308622 0.488318 1.27112
503 0.0342408 0.4958 1.25904
504 0.0293144 0.508286 1.22745
505 0.0315413 0.514873 1.22966
506 0.0303784 0.510777 1.22356
507 0.0281056 0.522056 1.19479
508 0.0160345 0.406644 0.914799
509 0.0504481 0.59296 1.32994
510 0.0304925 0.658168 1.3867
511 -0.0312242 0.563496 1.08852
512 -0.0676277 0.471991 0.825599
513 -0.0784551 0.527985 0.893213
514 -0.0823216 0.576123 0.953431
515 -0.0574799 0.603188 1.0098
516 -0.0511656 0.611169 0.997992
517 -0.0405201 0.581158 0.891428
518 -0.0323384 0.543141 0.786376
519 -0.0168264 0.534574 0.730394
520 0.000328399 0.517498 0.661201
521 0.0204666 0.54118 0.670226
522 0.0466171 0.562456 0.637783
523 0.0666411 0.580568 0.626951
524 0.0775623 0.552636 0.497271
525 0.0958415 0.56194 0.400831
526 0.116309 0.568019 0.347686
527 0.150498 0.574564 0.271662
528 0.180901 0.609822 0.194696
529 -0.287778 0.362297 1.42809
530 -0.282013 0.359161 1.43995
531 -0.287453 0.367362 1.41367
532 -0.290129 0.376846 1.41277
533 -0.278533 0.387993 1.4241
534 -0.285402 0.402566 1.40866
535 -0.27974 0.408137 1.42271
536 -0.292148 0.389111 1.39823
537 -0.294575 0.39193 1.39372
538 -0.294574 0.403173 1.40604
539 -0.282054 0.420611 1.44009
540 -0.288576 0.422684 1.46001
541 -0.287394 0.437814 1.46128
542 -0.26346 0.423767 1.50607
543 -0.268545 0.426598 1.48356
544 -0.269721 0.409329 1.44931
545 -0.279871 0.412321 1.4392
546 -0.279906 0.417486 1.43783
547 -0.282257 0.407504 1.4271
548 -0.279014 0.414166 1.40863
549 -0.278973 0.417041 1.36511
550 -0.280325 0.409099 1.35935
551 -0.278666 0.411587 1.32698
552 -0.276623 0.419011 1.33287
553 -0.270831 0.429154 1.31999
554 -0.263487 0.421592 1.30664
555 -0.254358 0.421977 1.30279
556 -0.246887 0.416417 1.31189
557 -0.237311 0.423874 1.29714
558 -0.23405 0.42337 1.29028
559 -0.235549 0.425694 1.28871
560 -0.240395 0.421124 1.27616
561 -0.236317 0.4135 1.26373
562 -0.230097 0.415659 1.24842
563 -0.24192 0.427282 1.22948
564 -0.229143 0.433684 1.22176
565 -0.229747 0.435541 1.20597
566 -0.225497 0.442313 1.19673
567 -0.217527 0.451184 1.1647
568 -0.224919 0.452929 1.14534
569 -0.227045 0.463474 1.1214
570 -0.215745 0.468375 1.0983
571 -0.2184 0.463802 1.09919
572 -0.220639 0.471924 1.07951
573 -0.221312 0.473122 1.04474
574 -0.213857 0.474122 1.0432
575 -0.212962 0.473824 1.026
576 -0.20763 0.460435 1.02294
577 -0.196216 0.468807 1.00492
578 -0.196838 0.471127 1.00368
579 -0.186894 0.475454 0.994017
580 -0.19831 0.47886 0.982045
581 -0.200382 0.473772 0.955028
582 -0.191429 0.482724 0.953179
583 -0.192978 0.483166 0.937836
584 -0.191965 0.484563 0.926613
585 -0.192311 0.495061 0.897165
586 -0.196508 0.499553 0.872282
587 -0.21096 0.500111 0.856035
588 -0.204834 0.505031 0.825868
589 -0.198586 0.511054 0.809004
590 -0.197705 0.514275 0.800469
591 -0.196452 0.519121 0.771979
592 -0.198066 0.516156 0.765942
593 -0.200243 0.516104 0.751041
594 -0.200543 0.520205 0.726146
595 -0.203191 0.522327 0.710993
596 -0.203778 0.526222 0.706272
597 -0.201158 0.530281 0.693034
598 -0.196184 0.530825 0.68061
599 -0.191403 0.528665 0.681622
600 -0.188788 0.531825 0.688104
601 -0.174907 0.526621 0.678892
602 -0.179656 0.538624 0.660854
603 -0.183955 0.538852 0.645322
604 -0.186321 0.539622 0.639888
605 -0.181589 0.549537 0.626922
606 -0.171334 0.549641 0.589964
607 -0.172576 0.554024 0.579703
608 -0.172468 0.556446 0.568932
609 -0.16319 0.565885 0.553499
610 -0.159246 0.558917 0.539206
611 -0.152888 0.56039 0.518933
612 -0.149589 0.570507 0.492599
613 -0.147234 0.568877 0.495181
614 -0.150435 0.577356 0.469903
615 -0.156733 0.583727 0.443254
616 -0.154354 0.588783 0.403296
617 -0.148884 0.596643 0.384753
618 -0.149256 0.599679 0.361619
619 -0.147775 0.604859 0.336687
620 -0.151367 0.609459 0.347908
621 -0.156374 0.609464 0.315128
622 -0.146514 0.606576 0.288724
623 -0.148686 0.616902 0.286924
624 -0.145382 0.62193 0.264962
625 -0.150916 0.616299 0.26139
626 -0.153452 0.622153 0.232473
627 -0.151233 0.626559 0.213387
628 -0.149445 0.631197 0.214727
629 -0.141306 0.638461 0.182899
630 -0.138606 0.646784 0.176688
631 -0.141812 0.647145 0.153124
632 -0.131725 0.65462 0.173456
633 -0.140965 0.651438 0.131949
634 -0.144719 0.654614 0.103518
635 -0.141643 0.658365 0.0925456
636 -0.139684 0.663576 0.0945754
637 -0.146994 0.664025 0.0821208
638 -0.14567 0.663715 0.0433952
639 -0.144704 0.664216 0.0206683
640 -0.147444 0.665476 0.00699272
641 -0.142799 0.673906 -0.00029327
642 -0.150171 0.677399 -0.0249103
643 -0.156686 0.690068 -0.0329485
644 -0.154021 0.689837 -0.0372389
645 -0.166705 0.692799 -0.0589738
646 -0.165983 0.70292 -0.080998
647 -0.163588 0.704531 -0.0953874
648 -0.168028 0.703 -0.10658
649 -0.169513 0.711183 -0.127156
650 -0.168864 0.715676 -0.14445
651 -0.157549 0.715233 -0.168107
652 -0.170707 0.716765 -0.180614
653 -0.16307 0.717986 -0.161047
654 -0.174971 0.721891 -0.178982
655 -0.173177 0.72794 -0.202766
656 -0.16383 0.732538 -0.215301
657 -0.169862 0.734585 -0.245987
658 -0.181637 0.74017 -0.273069
659 -0.181134 0.747946 -0.297931
660 -0.186413 0.750811 -0.299595
661 -0.1893 0.752511 -0.311538
662 -0.128838 0.725403 0.365823
663 -0.134929 0.723595 0.350782
664 -0.136363 0.726183 0.340893
665 -0.131465 0.728434 0.345734
666 -0.138445 0.734525 0.318996
667 -0.139522 0.736574 0.321274
668 -0.136353 0.738442 0.302796
669 -0.136137 0.73895 0.294031
670 -0.134243 0.746669 0.294595
671 -0.138491 0.748402 0.289661
672 -0.133385 0.759772 0.277309
673 -0.140829 0.760151 0.267829
674 -0.137945 0.768432 0.246095
675 -0.142805 0.766486 0.224679
676 -0.140465 0.767124 0.193482
677 -0.136115 0.766613 0.188687
678 -0.14066 0.767212 0.176314
679 -0.140794 0.767671 0.166427
680 -0.141472 0.769118 0.146429
681 -0.137806 0.771535 0.134557
682 -0.144698 0.772947 0.106998
683 -0.143772 0.778248 0.108754
684 -0.138341 0.784142 0.100157
685 -0.143192 0.789068 0.0695416
686 -0.146794 0.789582 0.0735933
687 -0.148914 0.787465 0.0602971
688 -0.145392 0.792577 0.0561477
689 -0.143942 0.793726 0.0528824
690 -0.15494 0.79294 0.0569287
691 -0.163465 0.792082 0.0324958
692 -0.169109 0.799887 0.00673606
693 -0.17308 0.801448 -0.0116806
694 -0.242913 0.802556 -0.164362
695 -0.229706 0.80524 -0.170495
696 0.0384643 0.839555 0.364657
697 -1.37959 0.674975 -2.49409
698 0.140274 0.853131 0.562408
699 -0.176078 0.819956 -0.0768503
700 -0.486275 0.782326 -0.700534
701 -0.188882 0.819821 -0.0916648
702 -0.188312 0.818161 -0.102082
703 -0.186783 0.81623 -0.0970397
704 -0.18879 0.810351 -0.0953902
705 -0.189966 0.809107 -0.0979897
706 -0.189312 0.812069 -0.108018
707 -0.18964 0.808609 -0.11323
708 -0.195437 0.815399 -0.115956
709 -0.189602 0.81416 -0.124934
710 -0.19114 0.820545 -0.152475
711 -0.188468 0.827778 -0.14097
712 -0.192065 0.826244 -0.159032
713 -0.189071 0.821815 -0.159169
714 -0.181849 0.821502 -0.170214
715 -0.180099 0.830548 -0.172824
716 -0.179094 0.823752 -0.186732
717 -0.178318 0.828549 -0.183946
718 -0.174222 0.82597 -0.197828
719 -0.180119 0.825488 -0.213959
720 -0.175678 0.832463 -0.194598
721 -0.171446 0.836221 -0.197517
722 -0.169611 0.839814 -0.198435
723 -0.167757 0.849569 -0.192487
724 -0.163558 0.841961 -0.199155
725 -0.157628 0.842731 -0.192822
726 -0.150252 0.842221 -0.1952
727 -0.154087 0.842229 -0.1903
728 -0.154204 0.84517 -0.200221
729 -0.157333 0.847541 -0.187187
730 -0.150878 0.845993 -0.212057
731 -0.140464 0.84442 -0.218764
732 -0.139269 0.850219 -0.226703
733 -0.133574 0.853971 -0.212446
734 -0.133667 0.850957 -0.210394
735 -0.138033 0.853518 -0.224257
736 -0.127806 0.852136 -0.205415
737 -0.126914 0.851458 -0.197681
738 -0.12601 0.853694 -0.202681
739 -0.122016 0.855448 -0.199184
740 -0.130141 0.854295 -0.207393
741 -0.129878 0.858626 -0.202065
742 -0.134093 0.857569 -0.19901
743 -0.140578 0.856063 -0.207646
744 -0.134772 0.859552 -0.173138
745 -0.123775 0.868695 -0.161546
746 -0.12321 0.869157 -0.15498
747 -0.123409 0.875251 -0.169133
748 -0.125816 0.876217 -0.167775
749 -0.122187 0.873181 -0.197016
750 -0.125846 0.883475 -0.212693
751 -0.125687 0.874482 -0.204096
752 -0.12228 0.879346 -0.202858
753 -0.10827 0.879891 -0.18774
754 -0.107941 0.884559 -0.192589
755 -0.10503 0.895691 -0.19941
756 -0.0967831 0.901466 -0.200461
757 -0.0884073 0.899251 -0.177186
758 -0.0905182 0.900071 -0.19078
759 -0.0806116 0.897014 -0.171883
760 -0.0811323 0.899292 -0.159671
761 -0.0734152 0.909206 -0.145375
762 -0.0709702 0.905781 -0.137706
763 -0.0611052 0.91204 -0.152664
764 -0.0570039 0.911503 -0.149789
765 -0.0528922 0.915347 -0.162271
766 -0.217092 0.903916 -0.379396
767 -0.191487 0.895883 -0.341771
768 -0.174513 0.890009 -0.302677
769 -0.135866 0.898275 -0.255509
770 -0.186306 0.872688 -0.365719
771 -0.100363 0.870402 -0.290801
772 -0.142795 0.856924 -0.373797
773 -0.149818 0.841641 -0.393697
774 -0.217443 0.837134 -0.538958
775 -0.246821 0.822321 -0.631457
776 -0.334833 0.949209 -0.841422
777 -0.310543 0.939447 -0.802905
778 0.0513868 1.11662 -0.185928
779 0.0163674 1.04358 -0.260596
780 0.0160026 1.0699 -0.290073
781 0.0347316 1.06068 -0.262843
782 0.113785 1.03447 0.190113
783 0.153491 1.00794 0.259872
784 0.194658 1.01803 0.271705
785 0.206612 1.04074 0.288047
786 0.229679 1.04058 0.320881
787 0.258173 1.01726 0.406025
788 0.259585 1.01995 0.412623
789 0.269127 1.03648 0.384308
790 0.303134 1.02531 0.449965
791 0.324 1.03405 0.437685
792 0.38241 1.00364 0.528898
793 0.396482 1.01088 0.524526
794 0.380251 1.01942 0.505018
795 0.395705 1.0268 0.49865
796 0.40224 1.00831 0.505651
797 0.413968 1.00724 0.523845
798 0.435004 1.00914 0.520469
799 0.421093 0.992532 0.50871
800 0.45402 0.992466 0.524813
801 0.451859 0.994704 0.485152
802 0.464609 0.979347 0.5028
803 0.503297 0.972757 0.521407
804 0.532112 0.964018 0.529079
805 0.550958 0.958206 0.521812
806 0.563094 0.952958 0.511528
807 0.585076 0.949681 0.533834
808 0.601058 0.947958 0.512259
809 0.631882 0.95061 0.500653
810 0.630416 0.969064 0.461236
811 0.667019 0.969129 0.434612
812 0.677971 0.981365 0.397421
813 0.708217 0.996483 0.35049
814 0.752743 0.991683 0.315122
815 0.769639 0.995779 0.271067
816 0.79578 0.996866 0.251359
817 0.815701 1.00549 0.183031
818 0.856993 1.01681 0.13617
819 0.87993 1.01757 0.0673816
820 0.918753 1.02834 0.00785528
821 0.62013 0.710752 0.625993
822 0.657632 0.714724 0.59893
823 0.68625 0.721517 0.514751
824 0.512249 0.743079 0.856125
825 0.532796 0.741415 0.865
826 0.455656 0.495696 0.235557
827 0.518857 0.722937 0.743906
828 0.507981 0.691804 0.679447
829 0.494414 0.621517 0.515339
830 0.507216 0.636369 0.523255
831 0.476755 0.569345 0.362816
832 0.499172 0.593438 0.449147
833 0.515755 0.617368 0.517804
834 0.516636 0.626602 0.537076
835 0.513119 0.618148 0.462895
836 0.502342 0.598648 0.397199
837 0.500751 0.613889 0.44
838 0.487449 0.613119 0.351398
839 0.484811 0.601262 0.316734
840 0.4788 0.574001 0.301459
841 0.47436 0.560727 0.270552
842 0.481826 0.577933 0.304773
843 0.472986 0.564202 0.298451
844 0.468217 0.565041 0.320185
845 0.481764 0.573926 0.339154
846 0.47387 0.57627 0.350885
847 0.483842 0.57711 0.358557
848 0.486205 0.575254 0.353662
849 0.484204 0.569354 0.313391
850 0.483798 0.578121 0.309582
851 0.492473 0.589599 0.28456
852 0.501038 0.596889 0.282593
853 0.496101 0.624139 0.286817
854 0.488337 0.641681 0.311178
855 0.500414 0.647249 0.324294
856 0.49478 0.634569 0.297409
857 0.493568 0.626667 0.282064
858 0.502106 0.628529 0.2854
859 0.497696 0.61989 0.29124
860 0.507982 0.624155 0.297388
861 0.505701 0.615566 0.332217
862 0.50477 0.619309 0.331257
863 0.515918 0.628701 0.334799
864 0.526246 0.635458 0.3402
865 0.530649 0.635913 0.373372
866 0.522672 0.635847 0.375603
867 0.531957 0.633853 0.389188
868 0.521384 0.644721 0.371596
869 0.520764 0.657662 0.380601
870 0.517286 0.662997 0.361317
871 0.511196 0.666152 0.389773
872 0.503953 0.656961 0.381169
873 0.512275 0.656522 0.381325
874 0.505491 0.648591 0.372438
875 0.512854 0.660273 0.394894
876 0.505512 0.659026 0.396837
877 0.515237 0.663353 0.409521
878 0.522738 0.659666 0.396373
879 0.529656 0.655791 0.413273
880 0.53145 0.650835 0.416732
881 0.524672 0.647036 0.405967
882 0.529405 0.648385 0.391569
883 0.523316 0.655735 0.408773
884 0.52096 0.6515 0.399203
885 0.529336 0.656215 0.406183
886 0.539429 0.661218 0.412944
887 0.533573 0.662711 0.430195
888 0.535166 0.657784 0.393315
889 0.543238 0.649707 0.378879
890 0.532526 0.655944 0.401968
891 0.534194 0.657576 0.413441
892 0.540798 0.660078 0.41266
893 0.538448 0.653899 0.447597
894 0.535019 0.663487 0.431233
895 0.533643 0.665854 0.446052
896 0.535559 0.667472 0.443973
897 0.531736 0.662231 0.461305
898 0.538977 0.653527 0.478634
899 0.528001 0.651837 0.481121
900 0.540821 0.649241 0.468692
901 0.533514 0.652265 0.47754
902 0.352542 0.597222 0.251668
903 0.35541 0.601668 0.257953
904 0.354961 0.594229 0.261572
905 0.352807 0.591179 0.268166
906 0.35114 0.589565 0.258478
907 0.354231 0.590484 0.260771
908 0.356005 0.591562 0.251318
909 0.355823 0.597767 0.275805
910 0.361633 0.590888 0.246036
911 0.362703 0.590379 0.242756
912 0.36358 0.58033 0.249063
913 0.364956 0.581779 0.256871
914 0.366495 0.587148 0.264695
915 0.454501 0.365364 0.866904
916 0.469248 0.25384 0.796746
917 0.461676 0.314264 0.680937
918 0.476787 0.285052 0.731838
919 0.47813 0.285603 0.725618
920 0.486438 0.229092 0.884858
921 0.493215 0.21933 0.901313
922 0.51456 0.192774 1.01114
923 0.51653 0.181993 1.02237
924 0.528402 0.175111 1.07536
925 0.535314 0.167503 1.06762
926 0.534967 0.164129 1.10801
927 0.538327 0.166401 1.11075
928 0.530012 0.16775 1.08606
929 0.521729 0.173621 1.05909
930 0.52523 0.172296 1.09585
931 0.538713 0.157887 1.1618
932 0.559203 0.12393 1.28979
933 0.56357 0.125628 1.29924
934 0.570111 0.1159 1.32076
935 0.574553 0.107029 1.33866
936 0.582227 0.110506 1.34199
937 0.587133 0.102903 1.36607
938 0.591314 0.109456 1.37297
939 0.614121 0.100091 1.41256
940 0.631761 0.102999 1.39943
941 0.630744 0.107937 1.41513
942 0.627496 0.105207 1.42958
943 0.63769 0.0929104 1.46026
944 0.641893 0.118492 1.50003
945 0.638516 0.103037 1.45802
946 0.513425 0.418617 0.921949
947 0.392748 0.593798 0.307804
948 0.36904 0.648837 0.0957395
949 0.705234 0.0153861 1.77624
950 0.68716 0.0630565 1.70565
951 0.645239 0.168996 1.53192
952 0.719926 0.0551001 1.90537
953 0.700545 0.0904598 1.80948
954 0.694035 0.10545 1.7892
955 0.693754 0.10631 1.77972
956 0.712334 0.0939266 1.8951
957 0.687169 0.13126 1.80939
958 0.711813 0.112982 1.88773
959 0.726288 0.105846 1.95685
960 0.715438 0.136101 1.9086
961 0.710205 0.142294 1.88246
962 0.701528 0.147304 1.8681
963 0.704934 0.145805 1.87625
964 0.728691 0.107994 1.94577
965 0.723258 0.12223 1.86805
966 0.729659 0.00994213 1.76394
967 0.735299 0.00912618 1.76046
968 0.742591 0.00903329 1.78658
969 0.738996 0.0135454 1.76332
970 0.739529 0.00777789 1.78351
971 0.751951 -0.00156616 1.81779
972 0.761098 -0.0110354 1.83973
973 0.766024 -0.00632085 1.84023
974 0.769056 0.000518994 1.83112
975 0.776181 -0.00230646 1.87719
976 0.768132 0.0075275 1.86785
977 0.77937 -0.00463076 1.89887
978 0.787586 -0.00617491 1.9244
979 0.814133 -0.0201239 1.96871
980 0.831688 -0.0230475 1.98955
981 0.846487 -0.0334561 2.03162
982 0.85146 -0.0349633 2.03332
983 0.843122 -0.0359208 2.03531
984 0.851809 -0.0487549 2.06433
985 0.851767 -0.0469213 2.05887
986 0.85355 -0.046631 2.05739
987 0.857573 -0.0466738 2.05624
988 0.852251 -0.0467102 2.05841
989 0.865903 -0.0448352 2.07533
990 0.866369 -0.0446045 2.0711
991 0.861051 -0.0352071 2.0406
992 0.855624 -0.0308257 2.0253
993 0.864775 -0.0175627 2.01407
994 0.853325 0.0230495 2.02521
995 0.845788 0.0458744 2.01421
996 0.846733 0.0799346 2.05023
997 0.834499 0.0544776 1.98016
998 0.832552 0.047042 1.98893
999 0.83475 0.0587718 2.02701
1000 0.837101 0.0549467 2.05825
1001 0.839709 0.0547908 2.06454
1002 0.839648 0.0558551 2.05627
1003 0.843479 0.0846753 2.10058
1004 0.837113 0.0812965 2.09463
1005 0.838262 0.0707274 2.11877
1006 0.847738 0.0793639 2.12502
1007 0.841777 0.103303 2.15288
1008 0.839325 0.113419 2.15055
1009 0.831508 0.115344 2.15546
1010 0.832525 0.105644 2.16289
1011 0.843938 0.130118 2.17264
1012 0.838024 0.137947 2.16898
1013 0.836914 0.13878 2.17427
1014 0.827637 0.126649 2.16727
1015 0.837298 0.131137 2.16507
1016 0.837391 0.13672 2.16614
1017 0.81673 -0.0262334 1.88653
1018 0.810398 -0.0247475 1.9029
1019 0.812193 -0.0224391 1.9002
1020 0.806473 -0.0191617 1.89783
1021 0.805448 -0.0224042 1.89566
1022 1.09023 0.0252364 1.92863
1023 1.08358 0.0195631 1.92252
1024 1.09607 0.0142331 1.92114
1025 1.10056 0.0244192 1.90688
1026 1.10242 0.0204478 1.91031
1027 1.10042 0.0224147 1.90636
1028 1.0978 0.0136302 1.90669
1029 1.09461 0.0173541 1.89419
1030 1.09249 0.0116066 1.88877
1031 1.10116 0.0183813 1.87873
1032 1.09365 0.018485 1.86784
1033 1.09744 0.0263349 1.86052
1034 1.09975 0.0267681 1.83476
1035 1.10601 0.0325085 1.83356
1036 1.099 0.0218577 1.832
1037 1.11259 0.0248661 1.84083
1038 1.11003 0.0265212 1.82821
1039 1.11147 0.0298215 1.83176
1040 1.10922 0.0301839 1.80945
1041 1.11133 0.0343802 1.79756
1042 1.11555 0.0346371 1.79467
1043 1.1107 0.0411755 1.78822
1044 1.10622 0.0440529 1.78063
1045 1.10816 0.0401985 1.77022
1046 1.10618 0.0410225 1.75837
1047 1.11759 0.0442666 1.76572
1048 1.12099 0.043558 1.76524
1049 1.11447 0.0420298 1.76345
1050 1.12005 0.0497994 1.75474
1051 1.08221 -0.00142772 1.63286
1052 1.02507 -0.0753328 1.48341
1053 1.02929 -0.071144 1.48388
1054 1.04765 -0.0523032 1.51027
1055 1.06052 -0.0420794 1.52672
1056 1.07952 -0.0061202 1.59542
1057 1.09368 0.0222054 1.63319
1058 1.09327 0.00791417 1.60366
1059 1.08301 0.00471079 1.59289
1060 1.0817 0.0029105 1.59052
1061 1.08426 0.00526993 1.58456
1062 1.08629 0.0195455 1.57539
1063 1.07057 0.000847735 1.52589
1064 1.07156 0.0199856 1.50122
1065 1.02241 0.0717196 1.31634
1066 0.983796 0.106602 1.15706
1067 0.970154 0.112701 1.09336
1068 0.916276 0.155847 0.879842
1069 0.850875 0.243785 0.604452
1070 0.815139 0.268571 0.473161
1071 0.797805 0.2849 0.435964
1072 0.801588 0.303434 0.452499
1073 0.820769 0.298052 0.49583
1074 0.843942 0.282362 0.591322
1075 0.871112 0.273334 0.676768
1076 0.869492 0.281065 0.64574
1077 0.875543 0.275892 0.655557
1078 0.918159 0.250059 0.756877
1079 0.907927 0.250507 0.722977
1080 0.908743 0.246652 0.714653
1081 0.924042 0.240656 0.744681
1082 0.930304 0.245302 0.739492
1083 0.927537 0.244503 0.721848
1084 0.912838 0.253462 0.668539
1085 0.925365 0.242922 0.670434
1086 0.92401 0.245024 0.649039
1087 0.923045 0.237635 0.630108
1088 0.921084 0.239299 0.619229
1089 0.92492 0.240689 0.592383
1090 0.929623 0.237348 0.581496
1091 0.930207 0.225646 0.581596
1092 0.944671 0.212979 0.570252
1093 0.943478 0.204846 0.533297
1094 0.978502 0.394689 0.788233
1095 0.974555 0.260786 0.618272
1096 0.976415 0.308131 0.658354
1097 0.984493 0.30883 0.654572
1098 0.987689 0.272092 0.620374
1099 0.996403 0.249715 0.601308
1100 0.996646 0.237224 0.521346
1101 1.02367 0.431589 0.990574
1102 1.0329 0.466528 1.07473
1103 1.02878 0.496126 1.09429
1104 1.01928 0.498726 1.08893
1105 1.01915 0.517642 1.10973
1106 0.99807 0.501082 1.02157
1107 1.03414 0.599187 1.20093
1108 1.04879 0.686808 1.33678
1109 1.04339 0.683558 1.31536
1110 1.01673 0.63361 1.18897
1111 0.999121 0.596718 1.10184
1112 0.981619 0.585536 1.02876
1113 0.966143 0.570814 0.971452
1114 0.967974 0.571493 0.95532
1115 0.96404 0.556077 0.926288
1116 0.961702 0.54767 0.896925
1117 0.96218 0.387118 0.612391
1118 0.960214 0.372545 0.584308
1119 0.957171 0.342427 0.539935
1120 0.943383 0.322644 0.491363
1121 0.993362 0.418033 0.683661
1122 0.803607 0.063349 -0.118763
1123 0.891106 0.241854 0.212712
1124 0.815009 0.135317 -0.0703155
1125 0.885641 0.299803 0.286475
1126 0.918619 0.357549 0.383735
1127 0.925863 0.387444 0.411075
1128 0.898812 0.358041 0.295723
1129 0.874228 0.335412 0.199012
1130 0.900082 0.405632 0.310739
1131 0.889159 0.396365 0.287519
1132 0.890511 0.395749 0.299405
1133 0.895684 0.413588 0.294056
1134 0.878767 0.395393 0.249917
1135 0.862665 0.362012 0.162636
1136 0.868206 0.390179 0.205665
1137 0.872062 0.404901 0.219959
1138 0.878862 0.435259 0.261692
1139 0.87708 0.444239 0.237442
1140 0.868177 0.453746 0.192695
1141 0.862431 0.433038 0.13962
1142 0.885746 0.532443 0.503193
1143 0.886825 0.536778 0.501596
1144 0.886423 0.541773 0.486144
1145 0.880678 0.532146 0.472269
1146 0.863511 0.504163 0.423507
1147 0.865098 0.512729 0.412996
1148 0.870754 0.523564 0.441096
1149 0.889755 0.530447 0.451309
1150 0.87772 0.522615 0.439674
1151 0.876622 0.510709 0.414024
1152 0.879135 0.51287 0.433457
1153 0.876367 0.506741 0.404616
1154 0.872427 0.498069 0.395577
1155 0.871369 0.516568 0.435303
1156 0.870333 0.527019 0.418195
1157 0.871315 0.525622 0.403615
1158 0.87294 0.544955 0.428141
1159 0.882404 0.548996 0.414004
1160 0.930507 0.507072 0.502992
1161 0.931875 0.515329 0.468845
1162 1.01061 0.46661 0.638971
1163 1.03478 0.444127 0.668808
1164 1.02374 0.450161 0.628091
1165 1.00243 0.478577 0.589434
1166 0.997767 0.492552 0.567436
1167 1.00418 0.485692 0.592333
1168 0.924718 0.551142 0.380259
1169 0.930559 0.560345 0.370766
1170 0.936275 0.566816 0.367168
1171 0.948255 0.556908 0.420513
1172 0.962948 0.537934 0.437377
1173 1.00853 0.523247 0.509439
1174 1.0284 0.524619 0.541149
1175 1.03471 0.530624 0.528015
1176 1.03032 0.519336 0.52781
1177 1.03103 0.513507 0.512058
1178 1.03125 0.519472 0.521913
1179 1.02875 0.507525 0.488951
1180 1.05607 0.486376 0.516545
1181 1.06321 0.490901 0.511374
1182 1.05699 0.496546 0.478363
1183 1.04053 0.506899 0.440254
1184 1.031 0.52547 0.388729
1185 1.04512 0.523029 0.388713
1186 1.03609 0.524704 0.353454
1187 1.02037 0.5403 0.287313
1188 1.00826 0.546162 0.218495
1189 1.00279 0.53562 0.206914
1190 1.00556 0.534836 0.159051
1191 1.00869 0.525608 0.130225
1192 1.01765 0.521111 0.128276
1193 1.02714 0.515659 0.138033
1194 1.02689 0.523166 0.114179
1195 1.0235 0.533565 0.0713006
1196 1.01589 0.536331 0.0288463
1197 1.00611 0.539109 -0.0202886
1198 1.00635 0.542442 -0.033247
1199 1.00359 0.548839 -0.0638467
1200 1.00796 0.551188 -0.102914
1201 1.01693 0.558525 -0.094744
1202 1.02316 0.561066 -0.0967695
1203 1.03355 0.568108 -0.114644
1204 1.04212 0.565505 -0.140541
1205 1.04745 0.577094 -0.155514
1206 1.04797 0.576159 -0.191692
1207 1.0513 0.581631 -0.204462
1208 0.859919 0.484204 0.420955
1209 0.861788 0.48137 0.406523
1210 0.855278 0.482991 0.4272
1211 0.85894 0.487711 0.436727
1212 0.854749 0.486304 0.429062
1213 0.849511 0.477034 0.420791
1214 0.83899 0.477539 0.404679
1215 0.836496 0.484224 0.420357
1216 0.837157 0.486851 0.440123
1217 0.84398 0.490743 0.462408
1218 0.837428 0.496572 0.465691
1219 0.83944 0.498469 0.475849
1220 0.840749 0.505128 0.461645
1221 0.837226 0.509215 0.484882
1222 0.840271 0.514092 0.478194
1223 0.836424 0.515192 0.484475
1224 0.841859 0.510621 0.502215
1225 0.835005 0.51424 0.484829
1226 0.826111 0.52085 0.481922
1227 0.812764 0.524391 0.475249
1228 0.812764 0.521248 0.479937
1229 0.810763 0.517367 0.477802
1230 0.808947 0.514097 0.475942
1231 0.803785 0.518518 0.479379
1232 0.79945 0.519364 0.487363
1233 0.796674 0.51267 0.479087
1234 0.785978 0.513031 0.463342
1235 0.784693 0.505731 0.485347
1236 0.707634 0.610314 0.759466
1237 0.664153 0.67509 0.8996
1238 0.911345 0.410529 2.22222
1239 0.788783 0.537343 1.49348
1240 0.749588 0.570477 1.31284
1241 0.789649 0.529172 1.47025
1242 0.850259 0.480094 1.70226
1243 0.815196 0.509113 1.52812
1244 0.79117 0.535151 1.46757
1245 0.785544 0.54253 1.39417
1246 0.851169 0.47889 1.71053
1247 0.843968 0.484654 1.72366
1248 0.870079 0.471107 1.80697
1249 0.899741 0.441402 1.90015
1250 0.905858 0.435896 1.95741
1251 0.910472 0.428493 1.91841
1252 0.87993 0.448693 1.79287
1253 0.840265 0.486643 1.57815
1254 0.851 0.47726 1.63729
1255 0.725337 0.589334 1.14328
1256 0.857895 0.477168 1.64837
1257 0.936174 0.40342 1.91
1258 1.00473 0.341314 2.14328
1259 1.11998 0.240614 2.56493
1260 1.13524 0.238121 2.57678
1261 1.19077 0.189341 2.73514
1262 0.950566 0.240831 2.72517
1263 0.932259 0.262931 2.6336
1264 0.927315 0.269467 2.59655
1265 0.93528 0.261887 2.5891
1266 0.931082 0.270258 2.54925
1267 0.945206 0.257278 2.59951
1268 0.879053 0.317119 2.37374
1269 0.873772 0.316483 2.35929
1270 0.863803 0.328763 2.31021
1271 0.8639 0.320144 2.31622
1272 0.892163 0.304663 2.37083
1273 0.849461 0.33401 2.24204
1274 0.863565 0.332035 2.24917
1275 0.839373 0.342204 2.17835
1276 0.833335 0.347661 2.1523
1277 0.836153 0.352417 2.13067
1278 0.813538 0.371001 2.06889
1279 0.821799 0.363218 2.0983
1280 0.828746 0.354697 2.11212
1281 0.828818 0.361371 2.10823
1282 0.806086 0.374569 2.04628
1283 0.810142 0.376192 2.06171
1284 0.811346 0.373818 2.0551
1285 0.813269 0.373204 2.04858
1286 0.833619 0.360706 2.06064
1287 0.833631 0.359745 2.05861
1288 0.857583 0.34145 2.1053
1289 0.869579 0.331947 2.12271
1290 0.864976 0.342807 2.10808
1291 0.870637 0.341545 2.11095
1292 0.868711 0.339675 2.08634
1293 0.854532 0.348388 2.05936
1294 0.861478 0.350756 2.03787
1295 0.856826 0.350879 2.0412
1296 0.850878 0.353083 2.01205
1297 0.843554 0.355395 1.97968
1298 0.852618 0.354767 1.96208
1299 0.850813 0.352742 1.96271
1300 0.856127 0.354964 1.94022
1301 0.848036 0.35515 1.91432
1302 0.839852 0.354375 1.87716
1303 0.831855 0.359245 1.83796
1304 0.826626 0.361236 1.82973
1305 0.816024 0.364063 1.79504
1306 0.809432 0.368423 1.79824
1307 0.811607 0.356811 1.78265
1308 0.803138 0.358965 1.77853
1309 0.796785 0.365249 1.75697
1310 0.79282 0.372103 1.72819
1311 0.790783 0.372915 1.70928
1312 0.54424 0.568074 0.839655
1313 0.571501 0.542808 0.958743
1314 0.559807 0.547998 0.907622
1315 0.612144 0.512888 1.03859
1316 0.648717 0.487495 1.16575
1317 0.617917 0.510966 1.05539
1318 0.646808 0.483409 1.16631
1319 0.634335 0.496483 1.08316
1320 0.634584 0.49911 1.05516
1321 0.632654 0.507432 1.00506
1322 0.630126 0.501622 0.982815
1323 0.622754 0.505926 0.940822
1324 0.63221 0.503849 0.947221
1325 0.648845 0.488367 0.965821
1326 0.681182 0.463454 1.01795
1327 0.693106 0.453717 1.01343
1328 0.702868 0.44284 1.01896
1329 0.708948 0.442378 1.00712
1330 0.713619 0.427507 0.986857
1331 0.721075 0.413687 0.996379
1332 0.732813 0.405081 1.01082
1333 0.726859 0.408048 0.947066
1334 0.74292 0.38967 0.944564
1335 0.740717 0.388228 0.926205
1336 0.755484 0.371082 0.921373
1337 0.754337 0.358804 0.88724
1338 0.772619 0.344273 0.880305
1339 0.781627 0.332219 0.858609
1340 0.792577 0.321905 0.808304
1341 0.786116 0.323572 0.76053
1342 0.783935 0.308532 0.728264
1343 0.793367 0.308666 0.664217
1344 0.794884 0.306915 0.613751
1345 0.809685 0.281144 0.58433
1346 0.600099 0.598851 1.49606
1347 0.612481 0.600548 1.46602
1348 0.603493 0.599547 1.42888
1349 0.601593 0.594632 1.43152
1350 0.600944 0.589785 1.4327
1351 0.593809 0.601598 1.3943
1352 0.592341 0.600384 1.38396
1353 0.594996 0.59829 1.35675
1354 0.58982 0.596333 1.37449
1355 0.590207 0.603947 1.36698
1356 0.5812 0.60491 1.34939
1357 0.579339 0.610715 1.32602
1358 0.57774 0.611916 1.31418
1359 0.573247 0.609286 1.3021
1360 0.579417 0.610384 1.31876
1361 0.588211 0.604982 1.29967
1362 0.586185 0.613373 1.29617
1363 0.594601 0.615618 1.23842
1364 0.588085 0.61849 1.24882
1365 0.59744 0.61484 1.21017
1366 0.346474 0.726901 0.894484
1367 0.345958 0.728816 0.884669
1368 0.347256 0.726341 0.866478
1369 0.353961 0.73069 0.859847
1370 0.3408 0.73516 0.835011
1371 0.343741 0.737047 0.827436
1372 0.336735 0.753524 0.781848
1373 0.340147 0.751139 0.770898
1374 0.333292 0.752845 0.739694
1375 0.341118 0.759823 0.706079
1376 0.352214 0.761193 0.666676
1377 0.349362 0.763231 0.638891
1378 0.347924 0.776356 0.609598
1379 0.358658 0.76857 0.594956
1380 0.358469 0.775379 0.558042
1381 0.37193 0.773304 0.523717
1382 0.246515 0.556615 0.395945
1383 0.276946 0.524051 0.231826
1384 0.312095 0.487663 0.132356
1385 0.328259 0.4814 0.0679884
1386 0.350476 0.454751 -0.014932
1387 0.37269 0.450934 -0.0744158
1388 0.391298 0.449886 -0.121543
1389 0.395544 0.461956 -0.156745
1390 0.403314 0.47429 -0.195589
1391 0.426281 0.478567 -0.26957
1392 0.433894 0.491076 -0.298735
1393 0.452019 0.504868 -0.371052
1394 0.465218 0.513741 -0.43075
1395 0.336272 0.457051 0.0152074
1396 0.347446 0.441831 -0.0104819
1397 0.352095 0.435625 -0.0548086
1398 0.352699 0.432403 -0.0674979
1399 0.3588 0.424666 -0.0781145
1400 0.360895 0.42338 -0.0896293
1401 0.364597 0.419559 -0.0901122
1402 0.367311 0.42272 -0.12063
1403 0.364951 0.429036 -0.130979
1404 0.357351 0.426867 -0.117609
1405 0.357323 0.429057 -0.147809
1406 0.366796 0.421384 -0.15768
1407 0.359854 0.426573 -0.151318
1408 0.362043 0.433696 -0.170508
1409 0.366704 0.42642 -0.147764
1410 0.360284 0.429497 -0.146701
1411 0.364012 0.423987 -0.155609
1412 0.362453 0.413737 -0.147702
1413 0.360256 0.411048 -0.142815
1414 0.36508 0.417374 -0.144199
1415 0.778367 0.23446 0.42679
1416 0.572212 0.324528 0.129848
1417 0.606646 0.312983 0.16922
1418 0.577704 0.319416 0.13564
1419 0.547396 0.334356 0.0929346
1420 0.632486 0.296299 0.204496
1421 0.618179 0.300647 0.188293
1422 0.580448 0.318775 0.100946
1423 0.587138 0.309502 0.116746
1424 0.599794 0.309726 0.103906
1425 0.544875 0.336634 -0.000182883
1426 0.550113 0.331092 -0.00535604
1427 0.547989 0.339288 -0.0111623
1428 0.561117 0.25995 -0.13791
1429 0.585889 0.263218 -0.104255
1430 0.594054 0.254707 -0.0779179
1431 0.587652 0.268524 -0.107739
1432 0.580924 0.247318 -0.138093
1433 0.583669 0.224115 -0.178973
1434 0.585648 0.216537 -0.186081
1435 0.588327 0.212492 -0.221456
1436 0.576979 0.215065 -0.25444
1437 0.580913 0.236127 -0.235621
1438 0.597317 0.238498 -0.227754
1439 0.614341 0.237334 -0.21165
1440 0.629363 0.228506 -0.221088
1441 0.649545 0.247916 -0.181219
1442 0.646703 0.263706 -0.201781
1443 0.657309 0.271436 -0.174369
1444 0.65388 0.279121 -0.182079
1445 0.667841 0.271059 -0.205041
1446 0.684617 0.253347 -0.202592
1447 0.671377 0.270771 -0.214624
1448 0.681702 0.263249 -0.218574
1449 0.675272 0.267956 -0.226586
1450 0.693733 0.259327 -0.225333
1451 0.706817 0.256251 -0.2268
1452 0.710879 0.251932 -0.232823
1453 0.716173 0.25745 -0.214733
1454 0.711952 0.251381 -0.222078
1455 0.709669 0.251218 -0.236641
1456 0.713185 0.255321 -0.250072
1457 0.725459 0.256989 -0.257322
1458 0.721802 0.255468 -0.262112
1459 0.719742 0.257209 -0.275046
1460 0.718098 0.2645 -0.302947
1461 0.709497 0.273548 -0.331664
1462 0.720394 0.275379 -0.32225
1463 0.719811 0.285166 -0.336688
1464 0.725811 0.286606 -0.340395
1465 0.738591 0.284916 -0.356431
1466 0.743741 0.279937 -0.334551
1467 0.752173 0.27118 -0.32804
1468 0.737981 0.26935 -0.343271
1469 0.747052 0.267068 -0.334709
1470 0.756636 0.265792 -0.333454
1471 0.763635 0.259101 -0.329118
1472 0.768301 0.254844 -0.330928
1473 0.766948 0.255798 -0.336219
1474 0.767791 0.246448 -0.332401
1475 0.761077 0.249332 -0.340199
1476 0.769253 0.242535 -0.347414
1477 0.774155 0.246049 -0.349608
1478 0.769461 0.248894 -0.349354
1479 0.764994 0.246524 -0.368713
1480 0.754915 0.244662 -0.374271
1481 0.76196 0.240605 -0.384691
1482 0.76881 0.236587 -0.367239
1483 0.764035 0.238231 -0.375812
1484 0.758287 0.235981 -0.382734
1485 0.772683 0.238004 -0.38202
1486 0.770915 0.24349 -0.396402
1487 0.772826 0.245799 -0.383593
1488 0.76914 0.252851 -0.408213
1489 0.756167 0.25775 -0.432027
1490 0.754212 0.262241 -0.440372
1491 0.751049 0.246508 -0.435989
1492 0.76 0.248678 -0.42418
1493 0.754645 0.246644 -0.426273
1494 0.757044 0.245097 -0.412007
1495 0.757616 0.24414 -0.417766
1496 0.752889 0.249612 -0.428529
1497 0.748604 0.244939 -0.446733
1498 0.751075 0.249709 -0.462912
1499 0.755357 0.246075 -0.45617
1500 0.764553 0.236249 -0.444644
1501 0.775744 0.232041 -0.461883
1502 0.651691 0.203532 0.146194
1503 0.653527 0.192221 0.161882
1504 0.256057 0.345261 -0.386714
1505 0.249587 0.348267 -0.395009
1506 0.255667 0.339833 -0.388766
1507 0.26558 0.335619 -0.392428
1508 0.261585 0.333729 -0.395348
1509 0.264029 0.336838 -0.40663
1510 0.266193 0.330243 -0.40941
1511 0.265457 0.330073 -0.400042
1512 0.274948 0.31904 -0.404819
1513 0.276954 0.314444 -0.415554
1514 0.277789 0.310038 -0.410001
1515 0.279778 0.304293 -0.410544
1516 0.286134 0.301861 -0.405212
1517 0.293147 0.302897 -0.400605
1518 0.30058 0.29402 -0.401388
1519 0.294277 0.289169 -0.404334
1520 0.29973 0.281294 -0.391859
1521 0.297992 0.287269 -0.375408
1522 0.304943 0.285257 -0.374117
1523 0.310393 0.282374 -0.363935
1524 0.310177 0.274613 -0.387189
1525 0.309239 0.274145 -0.376861
1526 0.311744 0.269498 -0.382857
1527 0.322921 0.267502 -0.38321
1528 0.313898 0.266227 -0.386567
1529 0.322998 0.259864 -0.38161
1530 0.327329 0.257234 -0.386132
1531 0.299365 0.224596 -0.505476
1532 0.297429 0.223472 -0.499672
1533 0.302657 0.21383 -0.494402
1534 0.295797 0.211877 -0.503013
1535 0.302451 0.210655 -0.520384
1536 0.294256 0.211342 -0.510055
1537 0.288755 0.207307 -0.4972
1538 0.286674 0.206751 -0.527671
1539 0.285001 0.210407 -0.526675
1540 0.644712 0.130884 0.0398633
1541 0.0753082 0.246352 -0.870753
1542 0.187548 0.215203 -0.680394
1543 0.320957 0.185467 -0.47286
1544 0.413045 0.347428 -0.0604917
1545 0.46137 0.224331 -0.155005
1546 0.507221 0.122084 -0.22759
1547 0.362877 0.258093 -0.283465
1548 0.364999 0.259768 -0.254782
1549 0.386351 0.284803 -0.16671
1550 0.454834 0.33224 0.0358046
1551 0.518129 0.387983 0.254383
1552 0.493628 0.353943 0.140498
1553 0.458244 0.326809 0.055656
1554 0.480527 0.352657 0.141125
1555 0.460448 0.33613 0.073202
1556 0.499633 0.360641 0.170941
1557 0.49137 0.353861 0.173922
1558 0.500452 0.353055 0.186454
1559 0.262376 0.161132 -0.568557
1560 0.273568 0.153794 -0.56231
1561 0.268386 0.151348 -0.568148
1562 0.260426 0.146006 -0.567379
1563 0.251285 0.139905 -0.569995
1564 0.254582 0.139713 -0.55897
1565 0.270706 0.140065 -0.579006
1566 0.258132 0.131697 -0.587405
1567 0.253678 0.127499 -0.581851
1568 0.259189 0.123723 -0.585154
1569 0.2535 0.120059 -0.582661
1570 0.244201 0.110658 -0.613615
1571 0.245249 0.113964 -0.61014
1572 0.247317 0.109718 -0.603908
1573 0.246603 0.110106 -0.594004
1574 0.23718 0.105458 -0.604314
1575 0.232452 0.106188 -0.607603
1576 0.232346 0.100381 -0.597147
1577 0.232124 0.0896433 -0.6056
1578 0.2349 0.0923941 -0.592912
1579 0.23298 0.0909798 -0.59287
1580 0.235951 0.0915468 -0.596006
1581 0.22911 0.0862126 -0.603638
1582 0.226463 0.0815302 -0.595133
1583 0.233259 0.0789913 -0.596851
1584 0.263714 0.0764496 -0.524177
1585 0.360627 0.0512935 -0.38847
1586 0.178308 0.0456918 -0.703522
1587 0.252964 0.100544 -0.469791
1588 0.255799 0.103594 -0.472496
1589 0.225947 0.0817415 -0.553884
1590 0.26421 0.104351 -0.44171
1591 0.271422 0.112915 -0.395509
1592 0.287747 0.117002 -0.358656
1593 0.275655 0.105423 -0.389396
1594 0.249608 0.0858659 -0.466693
1595 0.25428 0.101641 -0.421886
1596 0.249422 0.0975091 -0.453272
1597 0.249591 0.0944692 -0.433959
1598 0.254105 0.105549 -0.385349
1599 0.279044 0.111011 -0.338517
1600 0.278688 0.115752 -0.309783
1601 0.268658 0.104843 -0.314849
1602 0.278801 0.0934048 -0.305695
1603 0.258631 0.0807842 -0.383773
1604 0.225232 0.0621457 -0.460249
1605 0.231972 0.0604195 -0.446247
1606 0.223292 0.0577443 -0.466137
1607 0.208724 0.0573893 -0.459415
1608 0.220898 0.0640603 -0.456532
1609 0.22237 0.0596527 -0.44244
1610 0.212735 0.0718219 -0.432562
1611 0.253148 0.0443574 -0.389434
1612 0.834268 -0.0700765 0.337009
1613 0.73697 -0.0439445 0.22995
1614 0.579951 -0.0340442 0.00954158
1615 0.623918 -0.0434022 0.0824341
1616 0.459789 -0.118602 -0.274747
1617 0.524031 -0.089721 -0.115365
1618 0.568417 -0.102418 -0.0736413
1619 0.586784 -0.0960273 -0.0553814
1620 0.768145 -0.068951 0.240432
1621 0.668111 -0.0821466 0.0781039
1622 0.717764 0.252344 0.098121
1623 0.689827 0.244827 0.0128693
1624 0.64167 0.194669 -0.109984
1625 0.625694 0.193037 -0.149953
1626 0.653738 0.178334 -0.120673
1627 0.628299 0.20277 -0.133758
1628 0.587884 0.1972 -0.208734
1629 0.563639 0.225689 -0.189711
1630 0.560261 0.213477 -0.229113
1631 0.568235 0.23749 -0.195477
1632 0.567858 0.232332 -0.191436
1633 0.498974 0.211239 -0.280461
1634 0.504282 0.213028 -0.25336
1635 0.466274 0.216603 -0.288368
1636 0.430447 0.224283 -0.333572
1637 0.463556 0.229138 -0.262939
1638 0.497535 0.229375 -0.227389
1639 0.475612 0.225763 -0.281354
1640 0.42095 0.215939 -0.348199
1641 0.407178 0.216739 -0.361799
1642 0.392122 0.206502 -0.39868
1643 0.407916 0.194694 -0.365128
1644 0.393154 0.206844 -0.383333
1645 0.386059 0.213054 -0.36698
1646 0.382046 0.222144 -0.371372
1647 0.21792 0.321608 -0.632715
1648 0.0159289 0.262737 -0.816605
1649 0.040655 0.280002 -0.79843
1650 -0.756589 0.629845 -1.97252
1651 -0.0515742 0.302151 -0.937791
1652 0.417597 0.096902 -0.259658
1653 -0.366647 0.401789 -1.43596
1654 -0.304792 0.379468 -1.31627
1655 -0.290953 0.378997 -1.32356
1656 -0.281053 0.392415 -1.32217
1657 -0.336572 0.417787 -1.42241
1658 0.158653 0.526771 -0.778241
1659 0.0104183 0.335738 -0.934354
1660 0.0414334 0.34108 -0.912966
1661 0.0177196 0.328952 -0.947068
1662 0.0291653 0.320193 -0.965092
1663 -0.0742894 0.304769 -1.11211
1664 -0.0230896 0.297023 -1.10206
1665 0.167321 0.31587 -0.850864
1666 0.248345 0.360249 -0.763959
1667 0.285093 0.327878 -0.723254
1668 0.223429 0.361866 -0.851437
1669 0.247478 0.363827 -0.845041
1670 0.315232 0.354199 -0.75593
1671 0.359947 0.352428 -0.742105
1672 0.418882 0.353601 -0.706027
1673 0.451503 0.360366 -0.711104
1674 0.699219 0.635781 -0.187592
1675 0.519968 0.529496 -0.479959
1676 0.329247 0.373927 -0.769577
1677 0.24345 0.318272 -0.957778
1678 0.261541 0.305035 -1.00429
1679 0.272226 0.255981 -1.07923
1680 0.291223 0.233546 -0.651793
1681 0.26119 0.208506 -0.696988
1682 0.355622 0.234175 -0.601396
1683 0.424829 0.154826 -0.888425
1684 0.384424 0.321386 -0.501522
1685 0.442922 0.34488 -0.522802
1686 0.533842 0.41177 -0.389372
1687 0.553133 0.418763 -0.387622
1688 0.581278 0.411747 -0.388622
1689 0.5646 0.406164 -0.374815
1690 0.246954 0.418606 0.158806
1691 0.209368 0.437857 0.249106
1692 0.471376 0.317624 -0.402933
1693 0.571591 0.27294 -0.591551
1694 0.615464 0.243313 -0.72284
1695 0.487242 0.262795 -0.473067
1696 0.445819 0.280715 -0.38221
1697 0.433013 0.297405 -0.365958
1698 0.364181 0.328483 -0.349337
1699 0.376295 0.352934 -0.378996
1700 0.35997 0.362285 -0.318589
1701 0.374521 0.342958 -0.365941
1702 0.423997 0.329718 -0.448982
1703 0.413381 0.332719 -0.482408
1704 0.408259 0.349122 -0.432053
1705 0.460585 0.344908 -0.483854
1706 0.466659 0.348748 -0.448054
1707 0.49343 0.335638 -0.459746
1708 0.482634 0.348921 -0.411649
1709 0.477011 0.316543 -0.526821
1710 0.404144 0.254516 -0.60823
1711 0.338048 0.218098 -0.702408
1712 0.291139 0.1868 -0.762535
1713 0.276135 0.180544 -0.798552
1714 0.292691 0.205656 -0.749725
1715 0.289087 0.217167 -0.690053
1716 0.261936 0.208068 -0.694003
1717 0.278231 0.218601 -0.683053
1718 0.280126 0.223393 -0.609545
1719 0.286603 0.199255 -0.62321
1720 0.268171 0.215429 -0.592874
1721 0.251645 0.197847 -0.601237
1722 0.252512 0.210787 -0.586575
1723 0.230557 0.214949 -0.61691
1724 0.214767 0.217641 -0.611343
1725 0.193031 0.228889 -0.605635
1726 0.191047 0.2494 -0.567331
1727 0.181452 0.246016 -0.549805
1728 0.187987 0.259834 -0.523747
1729 0.139602 0.277181 -0.48502
1730 0.122933 0.286824 -0.510986
1731 0.138659 0.288146 -0.562424
1732 0.126228 0.291511 -0.558299
1733 0.148429 0.293383 -0.530488
1734 0.143267 0.303916 -0.452197
1735 0.143705 0.304672 -0.451895
1736 0.138351 0.304039 -0.470757
1737 0.122919 0.302921 -0.462164
1738 0.23302 0.225658 -0.796397
1739 0.222301 0.229111 -0.751915
1740 0.213127 0.226617 -0.766431
1741 0.195639 0.233572 -0.752019
1742 0.373799 -0.0292082 -0.552749
1743 0.382195 -0.0219821 -0.561555
1744 0.368017 -0.00771463 -0.53792
1745 0.29312 0.0670658 -0.274431
1746 0.262187 0.11286 -0.139091
1747 0.148963 0.206001 0.246658
1748 0.17474 0.194345 0.128343
1749 0.162419 0.21493 0.247364
1750 0.150855 0.211289 0.252831
1751 0.163459 0.197085 0.226667
1752 0.160076 0.181212 0.189418
1753 0.359229 0.0369487 -0.493677
1754 0.367618 0.0360587 -0.501694
1755 0.366457 0.0427037 -0.507416
1756 0.366334 0.0364664 -0.476279
1757 0.361809 0.0362076 -0.462673
1758 0.363398 0.0420326 -0.465022
1759 0.36398 0.0425983 -0.464822
1760 0.403867 0.0201156 -0.605982
1761 0.351188 0.0469655 -0.489113
1762 0.298676 0.0936235 -0.305251
1763 0.255294 0.121622 -0.17961
1764 0.242178 0.132493 -0.140645
1765 0.220836 0.137532 -0.104737
1766 0.229862 0.137715 -0.130449
1767 0.206695 0.163162 -0.0466229
1768 0.21221 0.161426 -0.0666052
1769 0.223911 0.144397 -0.149292
1770 0.217007 0.158349 -0.123325
1771 0.189102 0.106927 -0.154037
1772 0.18057 0.110978 -0.14827
1773 0.195091 0.1059 -0.168799
1774 0.25952 0.297271 -0.0985459
1775 0.245892 0.281076 -0.0588788
1776 0.248393 0.262351 -0.100116
1777 0.221129 0.239916 -0.089027
1778 0.192428 0.23755 -0.0430008
1779 0.176639 0.222432 -0.0416927
1780 0.171426 0.237732 -0.0147755
1781 0.157592 0.225945 -0.000302769
1782 0.155734 0.204607 -0.0307814
1783 0.152291 0.188696 -0.0331643
1784 0.14899 0.203871 0.0200216
1785 0.154193 0.222323 0.020136
1786 0.15213 0.227952 0.0479424
1787 0.137486 0.234565 0.0641723
1788 0.12365 0.232315 0.057174
1789 0.123261 0.227709 0.0380837
1790 0.138098 0.228074 0.0179137
1791 0.137421 0.220116 0.0157637
1792 0.124061 0.221031 0.0180864
1793 0.120342 0.209962 0.0125355
1794 0.118468 0.212731 0.0240197
1795 0.120088 0.216177 0.0107249
1796 0.128518 0.218057 0.0185118
1797 0.141266 0.229132 0.00187885
1798 0.126702 0.225478 0.0340882
1799 0.12858 0.227625 0.0473505
1800 0.120953 0.227311 0.0253428
1801 0.118415 0.230554 0.0355945
1802 0.132939 0.23951 0.0320322
1803 0.138628 0.233648 0.0207795
1804 0.145734 0.22734 0.0136317
1805 0.151334 0.224635 -0.0126266
1806 0.14996 0.231138 -0.00297298
1807 0.161153 0.245735 0.0059361
1808 0.162545 0.250347 0.0172225
1809 0.165105 0.262304 0.0366125
1810 0.158503 0.258387 0.0422665
1811 0.152886 0.259987 0.0446415
1812 0.163035 0.259992 0.0457009
1813 0.166608 0.267626 0.0499776
1814 0.170104 0.268461 0.0414857
1815 0.16942 0.275445 0.0474736
1816 0.163322 0.274641 0.0425305
1817 0.159354 0.281747 0.0461344
1818 0.160948 0.278373 0.0345155
1819 0.169517 0.28108 0.0280395
1820 0.164478 0.284938 0.0473043
1821 0.17381 0.28454 0.032859
1822 0.163735 0.279708 0.0331099
1823 0.173604 0.286989 0.0397978
1824 0.177175 0.286798 0.065752
1825 0.177879 0.282651 0.0564929
1826 0.175422 0.281474 0.0617178
1827 0.173942 0.282636 0.0658734
1828 0.16991 0.282101 0.0744517
1829 0.167126 0.276473 0.0865949
1830 0.170489 0.276859 0.103408
1831 0.173514 0.275135 0.100716
1832 0.159167 0.273587 0.122097
1833 0.158607 0.268791 0.121495
1834 0.158594 0.271669 0.130594
1835 0.159224 0.271731 0.140195
1836 0.164488 0.268873 0.147846
1837 0.157277 0.270361 0.17347
1838 0.155775 0.269982 0.168855
1839 0.150991 0.267693 0.17616
1840 0.147626 0.265731 0.180041
1841 0.156277 0.263095 0.185971
1842 0.15268 0.26284 0.193346
1843 0.155326 0.264326 0.186681
1844 0.152624 0.26613 0.200606
1845 0.158412 0.272425 0.202367
1846 0.101372 0.202596 0.0995886
1847 0.206932 0.329428 0.3141
1848 0.206589 0.334996 0.333024
1849 0.230389 0.359742 0.374515
1850 0.243934 0.374845 0.409123
1851 0.234555 0.348682 0.386093
1852 0.246835 0.34453 0.391504
1853 0.258111 0.344086 0.434855
1854 0.26141 0.339134 0.419358
1855 0.2625 0.346127 0.427702
1856 0.251181 0.333114 0.386713
1857 0.24612 0.315629 0.389252
1858 0.247758 0.302274 0.404975
1859 0.252948 0.30404 0.427266
1860 0.233322 0.283409 0.405917
1861 0.238091 0.288139 0.414151
1862 -0.140149 0.31714 0.307035
1863 -0.236333 0.220976 0.134729
1864 -0.244069 0.213364 0.145715
1865 -0.233209 0.225008 0.191338
1866 -0.250667 0.200688 0.175702
1867 -0.260851 0.196511 0.173294
1868 -0.24005 0.207837 0.222608
1869 -0.223665 0.223512 0.271104
1870 -0.208549 0.237836 0.308397
1871 -0.213503 0.227475 0.331343
1872 -0.208192 0.232275 0.369925
1873 -0.198578 0.233168 0.419125
1874 -0.188472 0.244757 0.432242
1875 -0.200969 0.223561 0.428993
1876 -0.19143 0.23558 0.451416
1877 -0.199289 0.225456 0.458164
1878 -0.197287 0.234838 0.468322
1879 -0.201211 0.222768 0.494185
1880 -0.207608 0.212569 0.495051
1881 -0.0854451 0.266149 0.747407
1882 -0.108137 0.253138 0.707408
1883 -0.119861 0.24534 0.69404
1884 -0.10965 0.253145 0.720456
1885 -0.0767795 0.262026 0.799802
1886 -0.0959507 0.256706 0.792857
1887 -0.0977298 0.239876 0.812179
1888 -0.0870321 0.242495 0.83247
1889 -0.0925173 0.241526 0.821206
1890 -0.0946558 0.240635 0.834099
1891 -0.0733739 0.255125 0.897371
1892 -0.0715021 0.244863 0.935485
1893 -0.0683501 0.252083 0.94107
1894 -0.0722659 0.237714 0.956159
1895 -0.0462408 0.246891 1.0063
1896 -0.0405136 0.245204 1.01874
1897 -0.0570836 0.239929 1.03774
1898 -0.044614 0.242671 1.08833
1899 -0.0133647 0.258392 1.15829
1900 -0.000917205 0.260441 1.21315
1901 0.0133131 0.265789 1.24097
1902 0.0225771 0.255427 1.29788
1903 0.018356 0.254305 1.30739
1904 0.0273237 0.253321 1.35049
1905 0.0447585 0.26551 1.417
1906 0.0531896 0.271583 1.4709
1907 0.0707417 0.272372 1.50754
1908 0.0804112 0.274499 1.54463
1909 0.0930252 0.274557 1.58865
1910 0.109393 0.273761 1.63786
1911 0.116332 0.272782 1.67088
1912 0.130656 0.276419 1.71702
1913 0.122896 0.272439 1.72573
1914 0.124356 0.269347 1.76223
1915 0.143288 0.270287 1.80701
1916 0.144595 0.264853 1.83522
1917 0.145439 0.256849 1.86829
1918 0.156043 0.268458 1.89909
1919 0.17109 0.277178 1.93478
1920 0.172981 0.277437 1.98271
1921 0.18167 0.288638 1.99318
1922 0.182397 0.27195 2.02968
1923 0.173119 0.267333 2.04591
1924 0.177382 0.258807 2.06978
1925 0.160573 0.266675 2.06852
1926 0.16572 0.265454 2.08721
1927 0.164695 0.267394 2.10927
1928 0.164651 0.27026 2.11119
1929 0.169333 0.258454 2.12985
1930 0.162298 0.25346 2.14287
1931 0.143396 0.240082 2.15827
1932 0.137874 0.237762 2.16256
1933 0.142869 0.236763 2.20129
1934 0.143676 0.23273 2.19678
1935 0.150855 0.233662 2.23393
1936 0.146027 0.23092 2.24515
1937 0.147709 0.226461 2.26529
1938 0.138168 0.225038 2.27979
1939 0.159164 0.138607 2.39485
1940 0.0184371 0.221276 2.11676
1941 -0.0912302 0.312509 1.8727
1942 -0.148328 0.349159 1.78222
1943 -0.114247 0.320579 1.86282
1944 -0.0975749 0.311154 1.91233
1945 -0.163006 0.355706 1.78876
1946 -0.19698 0.379054 1.71183
1947 -0.158592 0.302389 1.81563
1948 -0.151326 0.303846 1.83984
1949 -0.183719 0.32426 1.80172
1950 -0.223129 0.35648 1.74024
1951 -0.574122 -0.091086 1.13488
1952 -0.600655 -0.0886945 1.10363
1953 -0.579401 -0.0860083 1.14574
1954 -0.560214 -0.0931163 1.18028
1955 -0.509896 -0.11868 1.28978
1956 -0.539437 -0.109402 1.25186
1957 -0.533078 -0.118354 1.25259
1958 -0.541749 -0.124299 1.26989
1959 -0.535183 -0.134099 1.29151
1960 -0.513058 -0.155376 1.34054
1961 -0.496748 -0.177606 1.39557
1962 -0.485885 -0.189934 1.4156
1963 -0.478838 -0.196991 1.43208
1964 -0.497313 -0.192547 1.37874
1965 -0.503617 -0.205188 1.39391
1966 -0.519252 -0.21962 1.38092
1967 -0.528775 -0.223358 1.35462
1968 -0.551542 -0.218494 1.31603
1969 -0.565321 -0.217523 1.28927
1970 -0.596054 -0.221522 1.21153
1971 -0.598846 -0.240813 1.1976
1972 -0.605091 -0.257882 1.19833
1973 -0.611165 -0.268026 1.16273
1974 -0.6254 -0.281418 1.12346
1975 -0.621668 -0.305358 1.11177
1976 -0.63395 -0.322272 1.07948
1977 -0.641897 -0.345484 1.04861
1978 -0.643733 -0.370511 1.01344
1979 -0.661991 -0.390619 0.953674
1980 -0.650534 -0.344325 1.04121
1981 -0.65462 -0.347948 1.05389
1982 -0.282592 -0.218803 0.751843
1983 -0.275777 -0.223066 0.747026
1984 -0.277318 -0.23054 0.759862
1985 -0.282179 -0.229899 0.741119
1986 -0.293907 -0.233431 0.73408
1987 -0.301961 -0.234002 0.729224
1988 -0.310465 -0.233428 0.703518
1989 -0.248532 -0.142937 0.842364
1990 -0.205677 -0.104024 0.912607
1991 -0.170856 -0.0531617 0.996922
1992 -0.205272 -0.0943009 0.943472
1993 -0.162627 -0.0291461 1.03999
1994 -0.159121 -0.0142831 1.05919
1995 -0.151457 -0.00423365 1.07153
1996 -0.160422 -0.0162658 1.06921
1997 -0.148787 0.000260805 1.08478
1998 -0.141025 -0.0188246 1.08172
1999 -0.0605892 0.102623 1.31808
2000 0.181245 0.579964 2.13617
2001 0.218291 0.619666 2.22537
2002 0.074237 0.350039 1.73955
2003 -0.00905663 0.19484 1.41272
2004 0.0441996 0.291887 1.59247
2005 0.0642221 0.311881 1.66267
2006 0.0362829 0.263881 1.57399
2007 0.0165165 0.228458 1.49752
2008 0.0252124 0.252726 1.56245
2009 0.00990897 0.24543 1.49994
2010 0.0023606 0.224791 1.45419
2011 0.00744929 0.248422 1.45905
2012 0.0322309 0.297865 1.54606
2013 0.034217 0.306085 1.556
2014 0.037197 0.322938 1.57921
2015 0.0565745 0.341283 1.65419
2016 0.0517197 0.330759 1.6545
2017 0.0540278 0.311244 1.62386
2018 -0.0519005 0.192721 1.37889
2019 -0.0586789 0.175297 1.35262
2020 -0.0447003 0.195721 1.39301
2021 -0.031998 0.206337 1.42601
2022 -0.0319638 0.211251 1.44209
2023 -0.0308914 0.215306 1.41674
2024 -0.0182561 0.210552 1.384
2025 -0.0206556 0.218413 1.37066
2026 -0.0272879 0.217571 1.34926
2027 -0.0303007 0.221553 1.32878
2028 -0.034905 0.216887 1.27006
2029 -0.0214772 0.238849 1.28969
2030 -0.0237649 0.235435 1.26096
2031 -0.0186165 0.245921 1.2381
2032 -0.0193056 0.242874 1.20929
2033 -0.0153031 0.253401 1.20809
2034 -0.00949102 0.267092 1.1989
2035 -0.362889 0.0221981 1.4635
2036 -0.429651 -0.000677709 1.30212
2037 -0.226298 0.153915 2.0268
2038 -0.203473 0.0249828 1.72261
2039 -0.106695 0.029027 1.92884
2040 -0.110485 0.0129485 1.89119
2041 -0.141774 -0.0233435 1.75515
2042 -0.200221 -0.00277606 1.71451
2043 -0.22807 -0.027722 1.62318
2044 -0.233053 -0.022858 1.6291
2045 -0.183426 -0.00955142 1.78569
2046 -0.202859 -0.0189116 1.74953
2047 -0.188052 -0.0122736 1.81636
2048 -0.149635 0.0195825 1.9543
2049 -0.137773 0.0212604 1.98787
2050 -0.131972 0.0275902 2.02913
2051 -0.118824 0.0247488 2.06411
2052 -0.12481 0.0327327 2.1065
2053 -0.116569 0.0470062 2.12265
2054 -0.109443 0.0503564 2.12984
2055 -0.0458201 0.205056 2.46978
2056 -0.0409349 0.224431 2.51912
2057 -0.0949835 0.0981459 2.24527
2058 -0.079898 0.142245 2.37763
2059 -0.117594 0.0941996 2.24546
2060 -0.12953 0.0891999 2.20758
2061 -0.127625 0.132847 2.27738
2062 -0.127294 0.121544 2.25293
2063 -0.114775 0.12001 2.26386
2064 -0.125199 0.12273 2.24081
2065 -0.145294 0.10684 2.18007
2066 -0.15058 0.116258 2.17976
2067 -0.137633 0.135727 2.22222
2068 -0.145732 0.124417 2.18373
2069 -0.163411 0.123541 2.16963
2070 -0.151609 0.124028 2.21656
2071 -0.170134 0.115846 2.16953
2072 -0.172479 0.122297 2.1542
2073 -0.167364 0.14129 2.16706
2074 -0.174548 0.132079 2.13055
2075 -0.173643 0.133439 2.12632
2076 -0.17147 0.142985 2.15999
2077 -0.178542 0.151763 2.17533
2078 -0.169624 0.146631 2.20836
2079 -0.174558 0.148146 2.20857
2080 -0.169125 0.14774 2.20603
2081 -0.157881 0.158355 2.25603
2082 -0.163881 0.150859 2.26414
2083 -0.142159 0.149333 2.27953
2084 -0.132116 0.146267 2.30059
2085 -0.131167 0.156068 2.28835
2086 -0.127911 0.136803 2.26293
2087 -0.131973 0.142759 2.26524
2088 -0.12458 0.145372 2.28118
2089 -0.134782 0.135365 2.26358
2090 -0.124613 0.14157 2.29544
2091 -0.112915 0.145831 2.31073
2092 -0.106652 0.150613 2.32867
2093 -0.102793 0.141252 2.33003
2094 -0.111901 0.134799 2.30566
2095 -0.112625 0.133181 2.29826
2096 -0.115517 0.118019 2.28123
2097 -0.106911 0.109531 2.27785
2098 -0.116206 0.0930695 2.23283
2099 -0.132386 0.0995443 2.20159
2100 -0.129252 0.102214 2.19868
2101 -0.134605 0.0929137 2.1769
2102 0.0996721 0.88447 0.734975
2103 0.0964526 0.882261 0.741785
2104 0.0810981 0.875161 0.709269
2105 0.0727804 0.869041 0.693759
2106 0.0743892 0.859617 0.691474
2107 0.0686145 0.85705 0.681186
2108 0.0776369 0.857007 0.698151
2109 0.064798 0.8581 0.687022
2110 0.0551837 0.86625 0.666783
2111 0.0493231 0.866091 0.642389
2112 0.0327318 0.874185 0.654002
2113 0.0344694 0.873481 0.649582
2114 0.0256777 0.86968 0.623666
2115 0.0189357 0.844244 0.516212
2116 0.0174904 0.843724 0.512057
2117 0.027981 0.848881 0.530361
2118 0.0235986 0.847336 0.541255
2119 0.0281735 0.727445 0.13615
2120 0.0203477 0.803219 0.381227
2121 0.0275377 0.797225 0.34617
2122 0.0309708 0.830305 0.444535
2123 0.0138517 0.793402 0.316336
2124 0.0105804 0.805937 0.342642
2125 0.000292093 0.782778 0.282837
2126 0.00322994 0.775654 0.27805
2127 0.0055239 0.795988 0.350661
2128 -0.00106027 0.800847 0.351768
2129 0.0147803 0.856705 0.531663
2130 0.0240568 0.888871 0.627943
2131 0.0298346 0.890898 0.645047
2132 0.0138463 0.857961 0.540477
2133 0.015747 0.836483 0.484735
2134 0.00941184 0.830909 0.453708
2135 0.00544869 0.823435 0.410867
2136 0.00554688 0.827895 0.439363
2137 0.00590946 0.831838 0.441065
2138 0.00112639 0.830605 0.42772
2139 -0.0050116 0.824715 0.408875
2140 -0.00625328 0.82202 0.41742
2141 -0.00660322 0.813728 0.423803
2142 -0.013627 0.81831 0.410414
2143 -0.0142364 0.806863 0.404458
2144 -0.0299492 0.797044 0.366765
2145 -0.0217726 0.79908 0.373637
2146 -0.019636 0.796067 0.382885
2147 -0.0316519 0.801079 0.37764
2148 -0.03567 0.804277 0.381273
2149 -0.044132 0.801734 0.375976
2150 -0.0397512 0.805509 0.374246
2151 -0.0360727 0.808935 0.402249
2152 -0.0452185 0.803113 0.387029
2153 -0.0481815 0.805272 0.397579
2154 -0.0576992 0.810877 0.370638
2155 -0.0554314 0.812821 0.406198
2156 -0.0565402 0.814331 0.407845
2157 -0.0536126 0.810929 0.415898
2158 -0.0552508 0.822054 0.426328
2159 -0.0607676 0.828432 0.414309
2160 -0.0693671 0.825227 0.396295
2161 -0.0677471 0.830319 0.39739
2162 -0.0761098 0.825521 0.394209
2163 -0.0806591 0.830749 0.370199
2164 -0.080345 0.825951 0.364905
2165 -0.0885273 0.832928 0.35744
2166 -0.0933163 0.836238 0.358062
2167 -0.100953 0.833732 0.338889
2168 -0.103923 0.831354 0.350957
2169 -0.105044 0.82448 0.338016
2170 -0.104751 0.816858 0.336422
2171 -0.108397 0.813563 0.306435
2172 -0.114051 0.814225 0.316984
2173 -0.112756 0.815302 0.315616
2174 -0.11152 0.811036 0.294776
2175 -0.116264 0.808588 0.293692
2176 -0.121715 0.80934 0.29853
2177 -0.11383 0.810849 0.283569
2178 -0.126383 0.814863 0.273074
2179 -0.131629 0.815149 0.274146
2180 -0.131268 0.819793 0.244732
2181 -0.142749 0.819219 0.262316
2182 -0.141576 0.821784 0.292894
2183 -0.155159 0.82136 0.261903
2184 -0.158195 0.817859 0.268178
2185 -0.15679 0.817337 0.261418
2186 -0.159552 0.822089 0.265421
2187 -0.158949 0.822018 0.276821
2188 -0.163514 0.81943 0.262638
2189 -0.168001 0.825458 0.252645
2190 -0.172611 0.826587 0.255445
2191 -0.171782 0.821464 0.246039
2192 -0.18486 0.821144 0.235407
2193 -0.184477 0.813411 0.229027
2194 -0.183754 0.805771 0.208042
2195 -0.187381 0.807302 0.188484
2196 -0.182371 0.804289 0.179334
2197 -0.185755 0.807282 0.193802
2198 -0.18791 0.797602 0.182416
2199 -0.195374 0.80265 0.174277
2200 -0.197774 0.800866 0.160714
2201 -0.195778 0.799273 0.138852
2202 -0.202142 0.800044 0.128293
2203 -0.213584 0.801286 0.116405
2204 -0.212869 0.789393 0.109032
2205 -0.216873 0.784733 0.0872898
2206 -0.222888 0.792534 0.0830635
2207 -0.224553 0.786206 0.0619359
2208 -0.228266 0.784187 0.072271
2209 -0.236897 0.775097 0.0607651
2210 -0.241007 0.767126 0.0449562
2211 -0.244713 0.763431 0.0358032
2212 -0.257262 0.753287 0.0272022
2213 -0.262692 0.750325 0.00333731
2214 -0.270353 0.742052 -0.0196786
2215 -0.275835 0.733126 -0.041977
2216 -0.293555 0.64505 -0.257829
2217 -0.298966 0.634352 -0.278478
2218 -0.296024 0.626073 -0.29817
2219 -0.297771 0.610911 -0.34374
2220 -0.296626 0.596673 -0.354098
2221 -0.291645 0.586541 -0.383937
2222 -0.354106 0.611632 0.114198
2223 -0.348653 0.595681 0.0695543
2224 -0.345699 0.585998 0.0448799
2225 -0.352323 0.568532 -0.00483414
2226 -0.346668 0.551286 -0.0297009
2227 -0.335116 0.524364 -0.094228
2228 -0.330742 0.501634 -0.137186
2229 -0.32726 0.483274 -0.214663
2230 -0.318203 0.462401 -0.273736
2231 -0.365119 0.658823 0.231937
2232 -0.374811 0.659312 0.237422
2233 -0.364702 0.655652 0.209812
2234 -0.372394 0.665001 0.202196
2235 -0.370734 0.662792 0.186368
2236 -0.379786 0.662017 0.183578
2237 -0.374814 0.664104 0.171484
2238 -0.37878 0.65938 0.178058
2239 -0.377974 0.658908 0.153269
2240 -0.368018 0.650457 0.149144
2241 -0.377927 0.65373 0.133838
2242 -0.382714 0.649933 0.128281
2243 -0.380452 0.650275 0.125536
2244 -0.383472 0.646134 0.107765
2245 -0.386099 0.647766 0.0924168
2246 -0.378873 0.646079 0.0782312
2247 -0.382594 0.642304 0.065113
2248 -0.390232 0.642779 0.0563176
2249 -0.387735 0.642891 0.0624576
2250 -0.391993 0.644374 0.0470406
2251 -0.399191 0.637589 0.01719
2252 -0.395178 0.644218 0.0212861
2253 -0.39135 0.639604 0.0162656
2254 -0.397224 0.633234 0.00152507
2255 -0.38625 0.634015 -0.00852504
2256 -0.387696 0.62839 -0.013161
2257 -0.396659 0.624218 -0.0249692
2258 -0.395319 0.622605 -0.0514031
2259 -0.388535 0.621489 -0.0562171
2260 -0.389294 0.616415 -0.0618519
2261 -0.389191 0.61494 -0.0820001
2262 -0.387658 0.606715 -0.119549
2263 -0.388625 0.611799 -0.134691
2264 -0.386302 0.60867 -0.155341
2265 -0.38262 0.614846 -0.164987
2266 -0.376569 0.609938 -0.192864
2267 -0.381808 0.613173 -0.215401
2268 -0.377456 0.612554 -0.25414
2269 -0.369898 0.608547 -0.290494
2270 -0.368709 0.613125 -0.312015
2271 -0.366415 0.611208 -0.343989
2272 -0.37297 0.614368 -0.364469
2273 -0.368416 0.619971 -0.377498
2274 -0.363137 0.620544 -0.425979
2275 -0.358309 0.626399 -0.468305
2276 -0.351093 0.629146 -0.505969
2277 -0.343989 0.630912 -0.560754
2278 -0.330877 0.634232 -0.629804
2279 -0.322391 0.639137 -0.689264
2280 -0.387092 0.586028 -0.339172
2281 -0.385895 0.590701 -0.353992
2282 -0.3894 0.587322 -0.360853
2283 -0.395612 0.579705 -0.365443
2284 -0.389831 0.576675 -0.37815
2285 -0.386497 0.578418 -0.367196
2286 -0.392878 0.583157 -0.373975
2287 -0.390543 0.576375 -0.379574
2288 -0.389571 0.568138 -0.382587
2289 -0.385146 0.570467 -0.39809
2290 -0.392943 0.576857 -0.385101
2291 -0.396524 0.572047 -0.394761
2292 -0.392014 0.577436 -0.40495
2293 -0.395604 0.574808 -0.412619
2294 -0.396162 0.565964 -0.414332
2295 -0.404646 0.573897 -0.40695
2296 -0.401273 0.575338 -0.425096
2297 -0.399663 0.566549 -0.438963
2298 -0.406229 0.56877 -0.444348
2299 -0.40504 0.573569 -0.455106
2300 -0.408984 0.574211 -0.464146
2301 -0.414691 0.570655 -0.457666
2302 -0.415291 0.576531 -0.461367
2303 -0.414626 0.573223 -0.489938
2304 -0.414293 0.564837 -0.480193
2305 -0.413583 0.568037 -0.461632
2306 -0.419462 0.564602 -0.452392
2307 -0.382036 0.680963 -0.205714
2308 -0.425541 0.532424 -0.509104
2309 -0.400966 0.615132 -0.335042
2310 -0.368681 0.735892 -0.0797273
2311 -0.37314 0.702142 -0.170622
2312 -0.360162 0.719103 -0.119219
2313 -0.358255 0.735457 -0.0785052
2314 -0.370173 0.689626 -0.194832
2315 -0.375882 0.668427 -0.27208
2316 -0.373794 0.647792 -0.28288
2317 -0.379815 0.648734 -0.278927
2318 -0.399336 0.623144 -0.352937
2319 -0.40786 0.600229 -0.387354
2320 -0.406046 0.601613 -0.385094
2321 -0.406198 0.578142 -0.437641
2322 -0.411803 0.569422 -0.475756
2323 -0.406899 0.572384 -0.462485
2324 -0.414577 0.550046 -0.501516
2325 -0.41157 0.551507 -0.494351
2326 -0.40836 0.547933 -0.489086
2327 -0.40262 0.544927 -0.501017
2328 -0.415158 0.545586 -0.473128
2329 -0.423145 0.520485 -0.502
2330 -0.430088 0.51269 -0.525317
2331 -0.431832 0.508547 -0.533749
2332 -0.433509 0.49984 -0.548643
2333 -0.433564 0.478008 -0.607303
2334 -0.430878 0.462918 -0.612398
2335 -0.44423 0.462336 -0.638252
2336 -0.44282 0.463041 -0.639134
2337 -0.437439 0.467292 -0.635543
2338 -0.435198 0.467028 -0.653007
2339 -0.43283 0.463499 -0.657925
2340 -0.427737 0.468108 -0.642765
2341 -0.417467 0.473874 -0.634304
2342 -0.230499 0.335859 0.087909
2343 -0.223283 0.328974 0.0878471
2344 -0.222237 0.335525 0.0980708
2345 -0.219839 0.326722 0.10112
2346 -0.221547 0.326001 0.125217
2347 -0.220579 0.333813 0.151302
2348 -0.214512 0.324976 0.155764
2349 -0.215828 0.31905 0.138025
2350 -0.214125 0.317971 0.150206
2351 -0.207203 0.313392 0.171793
2352 -0.2021 0.318984 0.16177
2353 -0.199115 0.319056 0.168555
2354 -0.194961 0.319098 0.177649
2355 -0.190326 0.312812 0.196253
2356 -0.192185 0.307659 0.19822
2357 -0.189762 0.317917 0.202179
2358 -0.186649 0.32107 0.19826
2359 -0.183825 0.317346 0.203828
2360 -0.181828 0.333737 0.210849
2361 -0.176137 0.325392 0.205092
2362 -0.16704 0.331703 0.196425
2363 -0.16392 0.336079 0.194761
2364 -0.167803 0.342012 0.220302
2365 -0.161294 0.348822 0.234234
2366 -0.155903 0.340997 0.241857
2367 -0.153321 0.338897 0.232015
2368 -0.150103 0.341528 0.23506
2369 -0.138222 0.346781 0.240798
2370 -0.135837 0.341567 0.270422
2371 -0.131448 0.329397 0.301987
2372 -0.121824 0.327199 0.301995
2373 -0.120079 0.328085 0.310184
2374 -0.118818 0.329287 0.305087
2375 -0.103458 0.326522 0.30766
2376 -0.1036 0.326347 0.304256
2377 -0.101337 0.314599 0.313184
2378 -0.10148 0.308216 0.339664
2379 -0.0963624 0.316935 0.345698
2380 -0.10102 0.313281 0.373376
2381 -0.0860473 0.316108 0.366845
2382 -0.0777711 0.312944 0.367283
2383 -0.0802486 0.309121 0.3761
2384 -0.0661868 0.310687 0.392404
2385 -0.0539692 0.313191 0.400155
2386 -0.0582126 0.310518 0.418073
2387 -0.0547742 0.313092 0.435518
2388 -0.0503086 0.318948 0.422381
2389 -0.0430017 0.318631 0.411226
2390 -0.0428967 0.317753 0.424517
2391 -0.0311147 0.319312 0.429772
2392 -0.0192177 0.303482 0.438483
2393 -0.0179766 0.312381 0.430014
2394 -0.0163839 0.312401 0.436726
2395 0.0416649 0.261061 0.430955
2396 0.0352333 0.276767 0.429118
2397 -0.0317199 0.344162 0.479595
2398 -0.0118157 0.342496 0.449783
2399 -0.0162391 0.349409 0.464519
2400 0.0189324 0.326596 0.453473
2401 0.0357612 0.32316 0.436135
2402 0.0341884 0.326092 0.432317
2403 0.0255764 0.343383 0.435122
2404 0.0217855 0.347021 0.421827
2405 0.0366681 0.353948 0.416653
2406 0.02945 0.364332 0.389835
2407 0.036629 0.375207 0.35998
2408 0.04956 0.372349 0.349356
2409 0.0509753 0.377805 0.349375
2410 0.0548317 0.380318 0.363883
2411 0.0724891 0.381288 0.322424
2412 0.0824311 0.386402 0.282298
2413 0.0871371 0.39641 0.255635
2414 0.0943089 0.401809 0.244669
2415 0.105346 0.397628 0.221818
2416 0.119737 0.408204 0.170262
2417 0.124562 0.418773 0.135988
2418 0.139943 0.431705 0.0859982
2419 0.152986 0.434481 0.0337074
2420 0.148772 0.459263 -0.00516529
2421 0.154292 0.473951 -0.0505376
2422 0.156222 0.492738 -0.0886043
2423 0.160913 0.504365 -0.147235
2424 0.162001 0.527836 -0.195484
2425 0.171933 0.576206 -0.318232
2426 0.164664 0.569631 -0.305516
2427 0.1742 0.560655 -0.284267
2428 0.170994 0.556856 -0.279208
2429 0.177506 0.556915 -0.264914
2430 0.174325 0.552747 -0.243655
2431 0.180915 0.547782 -0.23351
2432 0.187749 0.541251 -0.229423
2433 0.193901 0.539191 -0.236645
2434 0.181961 0.534781 -0.220423
2435 0.174132 0.53429 -0.210794
2436 0.174757 0.5291 -0.213706
2437 0.184418 0.526446 -0.193792
2438 0.194011 0.519241 -0.193718
2439 0.177652 0.518841 -0.17497
2440 0.186015 0.508383 -0.17932
2441 0.183738 0.509992 -0.177741
2442 0.178839 0.505455 -0.172481
2443 0.1685 0.512999 -0.162816
2444 0.166494 0.503798 -0.169078
2445 0.183394 0.501105 -0.158598
2446 0.18234 0.499402 -0.129856
2447 0.193192 0.496251 -0.115873
2448 0.193221 0.490466 -0.11235
2449 0.194179 0.490845 -0.127556
2450 0.509118 0.357867 0.327365
2451 0.847543 0.215419 0.846308
2452 0.627406 0.299642 0.511123
2453 0.616081 0.294518 0.500794
2454 0.599094 0.301861 0.476084
2455 0.493538 0.340418 0.29657
2456 0.416024 0.360506 0.175237
2457 0.346927 0.382899 0.0635481
2458 0.272854 0.409767 -0.033209
2459 0.305788 0.397561 0.0192427
2460 0.268585 0.409881 -0.0606064
2461 0.225645 0.418323 -0.133584
2462 0.0493051 0.439528 0.152662
2463 0.0852971 0.418221 0.214461
2464 0.126166 0.399582 0.268305
2465 0.142392 0.388454 0.256928
2466 0.170991 0.376805 0.303046
2467 0.102517 0.400196 0.189468
2468 0.0769137 0.405149 0.169913
2469 0.095813 0.39684 0.180547
2470 0.0535874 0.402107 0.119915
2471 0.0652389 0.399447 0.115857
2472 0.0347768 0.416929 0.0714456
2473 0.0455515 0.405373 0.0814198
2474 0.0469632 0.40466 0.0539517
2475 0.0305015 0.413627 0.0312334
2476 0.0538177 0.399561 0.0354194
2477 0.022569 0.407496 -0.00890389
2478 0.0162608 0.406087 -0.0331038
2479 -0.027127 0.521956 -0.0281047
2480 0.0257126 0.407623 -0.0375452
2481 0.0234598 0.382275 -0.0440632
2482 0.0447159 0.390654 -0.0418594
2483 0.0683923 0.372557 -0.0229745
2484 0.0583227 0.353786 -0.0405117
2485 0.0669949 0.346202 -0.0555826
2486 0.0651196 0.353845 -0.0592786
2487 0.0813678 0.345197 -0.061968
2488 0.0858171 0.342669 -0.0545569
2489 -0.00778292 0.47931 0.2443
2490 -0.0174989 0.48505 0.226474
2491 0.00286671 0.481069 0.27387
2492 -0.0136549 0.485113 0.25108
2493 -0.00764916 0.482561 0.270326
2494 -0.00202928 0.482892 0.272061
2495 -0.0153197 0.485318 0.265238
2496 -0.028619 0.483667 0.248525
2497 -0.0261151 0.481636 0.275004
2498 -0.0142695 0.475797 0.28131
2499 0.00124414 0.472302 0.296282
2500 0.00598132 0.468345 0.304874
2501 0.0141053 0.467055 0.310051
2502 0.0207862 0.458346 0.315461
2503 0.0215739 0.447549 0.317776
2504 0.0281459 0.445259 0.297142
2505 0.0315825 0.440232 0.318824
2506 0.0261515 0.436984 0.291797
2507 0.0270153 0.433584 0.297145
2508 0.0425911 0.431744 0.305313
2509 0.0242539 0.427833 0.281413
2510 0.0277764 0.422435 0.247704
2511 0.0318682 0.422693 0.226992
2512 0.0360347 0.416578 0.221209
2513 0.0477951 0.409451 0.192568
2514 0.0634545 0.397775 0.189744
2515 0.0912588 0.383537 0.204865
2516 0.0907173 0.39021 0.185199
2517 0.0961497 0.389425 0.163249
2518 0.0822664 0.38229 0.106026
2519 0.101262 0.379506 0.103299
2520 0.104581 0.372792 0.0843889
2521 0.122329 0.358696 0.061511
2522 0.132201 0.357047 0.0466164
2523 0.163599 0.346225 0.0358975
2524 -0.247401 0.544041 0.597455
2525 -0.269595 0.547719 0.581275
2526 -0.253843 0.537898 0.584381
2527 -0.258637 0.534198 0.595698
2528 -0.260684 0.527258 0.597887
2529 -0.277654 0.527859 0.604623
2530 -0.287812 0.523985 0.591423
2531 -0.295521 0.522553 0.607312
2532 -0.29247 0.52083 0.630531
2533 -0.294855 0.516135 0.630926
2534 -0.321082 0.516495 0.586802
2535 -0.319413 0.520122 0.589229
2536 -0.321571 0.512059 0.610472
2537 -0.310575 0.508245 0.642622
2538 -0.319718 0.51136 0.630977
2539 -0.311739 0.49668 0.64261
2540 -0.34092 0.500933 0.618601
2541 -0.354764 0.504097 0.604003
2542 -0.37432 0.495966 0.611126
2543 0.515408 0.320974 1.65982
2544 0.519765 0.31757 1.68578
2545 0.522135 0.316436 1.66578
2546 0.532867 0.31526 1.70223
2547 0.5421 0.313774 1.72241
2548 0.549025 0.309918 1.74559
2549 0.564606 0.304785 1.75417
2550 0.481053 0.338187 1.65426
2551 0.278377 0.436071 1.44309
2552 -0.023775 0.5775 1.11836
2553 0.0948986 0.530842 1.22977
2554 0.224092 0.475303 1.3573
2555 0.0429215 0.565432 1.11313
2556 0.0363138 0.571637 1.12586
2557 -0.0994312 0.646518 0.960747
2558 -0.228496 0.701208 0.839129
2559 -0.178882 0.684558 0.856922
2560 -0.0409482 0.62788 0.998139
2561 -0.141183 0.671651 0.877493
2562 -0.135142 0.679602 0.850023
2563 -0.0501093 0.650936 0.914778
2564 0.0677398 0.749889 1.08594
2565 0.108711 0.805412 1.13639
2566 0.0800052 0.78774 1.05093
2567 0.0931545 0.852615 1.04046
2568 0.14984 0.877568 1.05955
2569 0.161971 0.871971 0.99549
2570 0.139116 0.847666 0.874894
2571 0.114988 0.845369 0.788461
2572 -0.213567 0.698091 1.68036
2573 -0.197408 0.694077 1.71275
2574 -0.199646 0.687811 1.69875
2575 -0.179256 0.686314 1.73022
2576 -0.184089 0.691826 1.72136
2577 -0.191797 0.699645 1.7328
2578 -0.187042 0.675293 1.72715
2579 -0.200535 0.639319 1.71217
2580 -0.181408 0.645381 1.75126
2581 -0.167604 0.638316 1.73055
2582 0.382817 0.306834 0.58736
2583 0.377397 0.307638 0.586479
2584 0.382236 0.306606 0.601015
2585 0.40633 0.303339 0.640242
2586 0.405166 0.321192 0.627317
2587 0.42806 0.315795 0.621739
2588 0.430986 0.317957 0.640589
2589 0.425049 0.316322 0.626068
2590 0.414866 0.325221 0.646707
2591 0.426136 0.295971 0.646889
2592 0.430508 0.29465 0.646045
2593 0.435757 0.313297 0.637008
2594 0.41593 0.300283 0.612167
2595 0.422381 0.293286 0.613039
2596 0.435546 0.275858 0.609099
2597 0.447293 0.265905 0.640515
2598 0.444765 0.250911 0.643526
2599 0.448248 0.247924 0.648881
2600 0.462673 0.234205 0.674989
2601 0.458324 0.234839 0.672526
2602 0.481107 0.221679 0.674341
2603 0.476183 0.211365 0.666248
2604 0.505885 0.205091 0.699183
2605 0.52491 0.211963 0.718051
2606 0.537422 0.215206 0.718285
2607 0.558015 0.222222 0.734278
2608 0.553778 0.224571 0.723274
2609 0.560631 0.234602 0.740412
2610 0.548852 0.228202 0.723549
2611 0.548663 0.234691 0.717082
2612 0.567212 0.234702 0.727462
2613 0.56607 0.243136 0.741526
2614 0.58612 0.237292 0.751559
2615 0.603527 0.229786 0.759118
2616 0.572412 0.527563 1.77016
2617 0.583628 0.518382 1.79271
2618 0.58418 0.509044 1.81261
2619 0.598044 0.51259 1.84403
2620 0.608048 0.502035 1.84771
2621 0.609618 0.50176 1.86794
2622 0.621837 0.487721 1.85447
2623 0.643437 0.153506 0.757989
2624 0.644379 0.181121 0.875656
2625 0.642519 0.29839 1.28296
2626 0.644824 0.283119 1.23962
2627 0.657165 0.232435 1.04741
2628 0.660302 0.167151 0.828318
2629 0.657342 0.128274 0.724596
2630 0.658952 0.137684 0.793081
2631 0.646836 0.114349 0.706277
2632 0.65193 0.102941 0.698338
2633 0.655212 0.0559561 0.552826
2634 0.657376 0.0813955 0.598761
2635 0.652674 0.100025 0.709086
2636 0.663045 0.116391 0.792338
2637 0.673962 0.127338 0.823301
2638 0.669318 0.130948 0.813788
2639 0.679062 0.12713 0.819012
2640 0.696375 0.113668 0.791582
2641 0.696968 0.0956312 0.731413
2642 0.698289 0.102061 0.754671
2643 0.704047 0.1174 0.776769
2644 0.704645 0.121052 0.788587
2645 0.719377 0.0945025 0.724136
2646 0.723804 0.0781501 0.691539
2647 0.72664 0.078899 0.710031
2648 0.732247 0.0689649 0.70691
2649 0.739874 0.0618449 0.701805
2650 0.744166 0.0379232 0.664906
2651 0.740524 0.0316185 0.672802
2652 0.739465 0.0216601 0.675849
2653 0.739534 0.0320972 0.696533
2654 0.749302 0.0306856 0.723705
2655 0.751599 0.0288451 0.706201
2656 0.741511 0.035698 0.75119
2657 0.749803 0.0464602 0.764508
2658 0.758453 0.0425252 0.806948
2659 0.771674 0.0450748 0.807859
2660 0.763677 0.0378817 0.80558
2661 0.763626 0.0481179 0.866477
2662 0.773055 0.0500871 0.880978
2663 0.790512 0.0494292 0.879664
2664 0.796055 0.0382182 0.831365
2665 0.808423 0.0351265 0.820864
2666 0.813024 0.0464675 0.847315
2667 0.821659 0.0448883 0.816361
2668 0.83382 0.0437569 0.775773
2669 0.836974 0.0523191 0.812964
2670 0.842815 0.0492434 0.79811
2671 0.846227 0.061029 0.827451
2672 0.844842 0.0671768 0.833787
2673 0.835411 0.0652004 0.810477
2674 0.844048 0.071559 0.793067
2675 0.844122 0.0836337 0.779227
2676 0.851251 0.0757855 0.770936
2677 0.859974 0.074931 0.74154
2678 0.861846 0.066058 0.71277
2679 0.878707 0.0653289 0.687939
2680 0.892223 0.0608985 0.627007
2681 0.898914 0.0715734 0.632783
2682 0.896772 0.0759197 0.628121
2683 0.909299 0.0832062 0.606971
2684 0.923745 0.0861898 0.581813
2685 0.932508 0.077217 0.582485
2686 0.944547 0.0920948 0.524573
2687 0.955911 0.102253 0.494083
2688 0.970753 0.116127 0.471919
2689 0.982036 0.123073 0.453659
2690 0.994649 0.136801 0.420197
2691 0.999288 0.144036 0.404859
2692 1.02123 0.157705 0.344968
2693 1.03187 0.165278 0.313602
2694 1.04304 0.18351 0.267988
2695 1.06656 0.205114 0.192195
2696 1.07914 0.223691 0.1096
2697 1.08146 0.221057 0.117852
2698 1.07981 0.219364 0.153789
2699 1.08133 0.217293 0.153988
2700 1.08633 0.210556 0.161066
2701 1.08905 0.214189 0.17414
2702 1.2357 0.234542 1.10953
2703 1.24522 0.228176 1.11469
2704 1.24977 0.222902 1.17199
2705 1.25121 0.217275 1.2069
2706 1.25502 0.218647 1.18733
2707 1.26556 0.209189 1.20332
2708 1.26474 0.211287 1.21887
2709 1.2654 0.205485 1.21981
2710 1.27239 0.211585 1.24281
2711 1.26869 0.210894 1.23722
2712 1.27617 0.21149 1.2491
2713 1.288 0.205884 1.26329
2714 1.29042 0.198997 1.28554
2715 1.30324 0.20066 1.31136
2716 1.3066 0.193865 1.32032
2717 1.31851 0.192777 1.34284
2718 1.32692 0.193491 1.36258
2719 1.46259 0.183422 1.0376
2720 1.46846 0.182632 1.07
2721 1.46188 0.17667 1.09139
2722 1.46274 0.176537 1.1383
2723 1.45787 0.166675 1.16698
2724 1.46298 0.158213 1.17043
2725 1.46409 0.158521 1.18359
2726 1.45783 0.152288 1.23343
2727 1.4604 0.154193 1.25361
2728 1.46593 0.154573 1.28032
2729 1.47178 0.15016 1.29867
2730 1.4781 0.143698 1.31063
2731 1.47886 0.139332 1.31589
2732 1.46782 0.127613 1.34883
2733 1.47667 0.12153 1.35478
2734 1.47709 0.122178 1.38996
2735 1.47887 0.114375 1.41049
2736 1.47358 0.113178 1.41761
2737 1.47981 0.10902 1.42613
2738 1.48532 0.100777 1.44776
2739 1.49346 0.107178 1.4597
2740 1.49362 0.106562 1.49556
2741 1.48856 0.0986802 1.53354
2742 1.48902 0.104851 1.5473
2743 1.49712 0.0989863 1.55496
2744 1.49955 0.0969835 1.58755
2745 1.50361 0.0965574 1.60704
2746 1.50641 0.0897704 1.64957
2747 1.51277 0.0845052 1.64962
2748 1.51403 0.0794842 1.66788
2749 1.5175 0.0830184 1.65944
2750 1.52777 0.0820682 1.67536
2751 1.53377 0.0814386 1.69428
2752 1.53624 0.0828873 1.70534
2753 1.54505 0.0789952 1.70031
2754 1.55913 0.0770688 1.71381
2755 1.56231 0.0675278 1.74769
2756 1.56649 0.0657855 1.78132
2757 1.56824 0.0605875 1.79025
2758 1.56503 0.0599599 1.81288
2759 1.56357 0.0494279 1.83925
2760 1.56542 0.0471133 1.86438
2761 1.57055 0.0411226 1.85029
2762 1.57321 0.0407158 1.87419
2763 1.58032 0.041396 1.90805
2764 1.58599 0.038944 1.91987
2765 1.58445 0.026841 1.92857
2766 1.58716 0.024744 1.96255
2767 1.58657 0.0191957 1.97665
2768 1.58851 0.0207625 1.9784
2769 1.59099 0.00940577 2.00314
2770 1.59668 0.012753 2.02236
2771 1.5956 0.00906949 2.03741
2772 1.59946 0.000485948 2.03929
2773 1.60894 0.00233547 2.03572
2774 1.61183 0.00264964 2.06299
2775 1.6134 -0.00385386 2.07773
2776 1.61197 -0.0145002 2.09703
2777 1.6148 -0.0322793 2.13022
2778 1.61542 -0.0343855 2.14294
2779 1.62461 -0.0376954 2.15281
2780 1.62657 -0.0393862 2.16518
2781 1.63138 -0.0471565 2.17343
2782 1.62719 -0.0478695 2.19554
2783 1.63175 -0.0504861 2.19534
2784 1.63628 -0.0518907 2.21371
2785 1.63152 -0.0641556 2.25024
2786 1.64199 -0.0612415 2.25747
2787 1.64139 -0.0542921 2.24498
2788 1.65323 -0.0550605 2.25727
2789 1.65501 -0.0579469 2.26097
2790 1.66147 -0.0524435 2.24196
2791 1.67115 -0.061848 2.26709
2792 1.67202 -0.06236 2.27115
2793 1.6816 -0.0766375 2.28698
2794 1.68475 -0.0698774 2.27453
2795 1.69085 -0.0742095 2.27641
2796 1.70156 -0.0729505 2.265
2797 1.70642 -0.080176 2.27015
2798 1.70815 -0.0887955 2.27592
2799 1.71899 -0.0984642 2.29316
2800 1.72379 -0.0934903 2.30686
2801 1.72093 -0.100283 2.32219
2802 1.73657 -0.0926036 2.30497
2803 1.73595 -0.090676 2.29393
2804 1.74387 -0.100881 2.32351
2805 1.73703 -0.0999462 2.3206
2806 1.74967 -0.101365 2.32083
2807 0.884574 0.387307 0.547828
2808 0.790888 0.433062 0.384502
2809 0.802277 0.429877 0.392933
2810 0.803502 0.414462 0.410986
2811 0.882513 0.367948 0.573916
2812 0.877702 0.372187 0.557306
2813 0.863799 0.377144 0.552701
2814 0.843424 0.395473 0.505714
2815 0.827766 0.413437 0.454101
2816 0.827327 0.413025 0.453888
2817 0.85481 0.394702 0.493669
2818 0.901374 0.381904 0.575971
2819 0.924411 0.380376 0.61101
2820 0.904834 0.400374 0.557817
2821 0.900429 0.40573 0.541619
2822 0.894307 0.41341 0.53261
2823 0.874631 0.422244 0.501271
2824 0.870348 0.433058 0.460284
2825 0.854446 0.437192 0.430996
2826 0.873482 0.428027 0.4553
2827 0.892804 0.418102 0.495233
2828 0.920036 0.41543 0.524238
2829 0.938737 0.404595 0.562259
2830 0.942954 0.410081 0.560792
2831 0.952708 0.398915 0.58521
2832 0.949132 0.400319 0.576519
2833 0.933413 0.407801 0.547269
2834 0.956996 0.409184 0.571953
2835 0.943082 0.413369 0.558549
2836 0.951594 0.41694 0.56482
2837 0.94724 0.409555 0.554827
2838 0.941126 0.399377 0.544248
2839 0.958686 0.3997 0.559859
2840 0.945912 0.412468 0.519053
2841 0.952536 0.409107 0.521157
2842 0.951923 0.417586 0.50021
2843 0.942552 0.429632 0.480919
2844 0.957172 0.436361 0.468955
2845 0.948328 0.435568 0.4458
2846 0.94816 0.441417 0.434644
2847 0.958747 0.444651 0.414695
2848 0.970779 0.438912 0.403555
2849 0.969156 0.453227 0.371988
2850 0.982275 0.455911 0.3918
2851 0.997434 0.454891 0.38223
2852 0.998698 0.467613 0.347468
2853 0.988714 0.460256 0.309759
2854 0.990075 0.471171 0.280166
2855 0.991645 0.478125 0.236351
2856 0.964925 0.492136 0.15552
2857 1.01819 0.569966 0.027535
2858 1.00698 0.574321 -0.0137442
2859 1.00202 0.570353 -0.0604322
2860 0.978873 0.558665 -0.100989
2861 0.673485 0.459483 -0.481147
2862 0.480694 0.392279 -0.72849
2863 0.759647 0.462819 -0.42635
2864 0.855538 0.630413 0.238086
2865 0.981931 0.670302 0.427713
2866 1.00395 0.66058 0.496446
2867 0.977347 0.651939 0.464021
2868 0.770295 0.585716 0.205552
2869 0.645224 0.536431 0.0798223
2870 0.609055 0.522255 0.0331019
2871 0.661942 0.530708 0.108596
2872 0.654543 0.530552 0.104161
2873 0.667979 0.52721 0.153821
2874 0.699685 0.536114 0.203378
2875 0.715817 0.532223 0.228807
2876 0.713496 0.53463 0.239018
2877 0.703792 0.532564 0.223575
2878 0.709376 0.533011 0.2282
2879 0.72873 0.525462 0.292796
2880 0.737413 0.520852 0.3127
