# ∏Ò Ω: Epoch Week TOW avg_lat(deg) avg_lon(deg) avg_h(m)
    1  2394   139732.4270      30.52943033    114.35546519      19.1918
    2  2394   139733.4270      30.52941071    114.35545939      14.4923
    3  2394   139734.4270      30.52936824    114.35562319      60.2122
    4  2394   139735.4270      30.52944173    114.35552601      47.3764
    5  2394   139736.4270      30.52949598    114.35538409      27.2914
    6  2394   139737.4270      30.52938327    114.35545428      27.5750
    7  2394   139738.4270      30.52938089    114.35550182      44.8850
    8  2394   139739.4270      30.52939039    114.35548196      54.8937
    9  2394   139740.4270      30.52940665    114.35545124      40.7092
   10  2394   139741.4270      30.52937972    114.35549498      41.0483
   11  2394   139742.4270      30.52933632    114.35542368      53.4289
   12  2394   139743.4270      30.52940370    114.35548278      38.1044
   13  2394   139744.4270      30.52935715    114.35555229      50.2741
   14  2394   139745.4270      30.52943562    114.35549552      50.1577
   15  2394   139746.4270      30.52938939    114.35555524      47.6729
   16  2394   139747.4270      30.52932497    114.35557237      33.4606
   17  2394   139748.4270      30.52940808    114.35551397      34.7908
   18  2394   139749.4270      30.52937461    114.35552093      26.6850
   19  2394   139750.4270      30.52935500    114.35556446      44.0734
   20  2394   139751.4270      30.52935801    114.35555272      40.3090
   21  2394   139752.4270      30.52936667    114.35565748      59.9538
   22  2394   139753.4270      30.52932914    114.35560601      46.3980
   23  2394   139754.4270      30.52931316    114.35563611      52.0339
   24  2394   139755.4270      30.52933420    114.35557237      41.0493
   25  2394   139756.4270      30.52929567    114.35558613      34.6256
   26  2394   139757.4270      30.52938056    114.35558408      40.1391
   27  2394   139758.4270      30.52934334    114.35570746      75.7359
   28  2394   139759.4270      30.52929512    114.35563464      54.4692
   29  2394   139760.4270      30.52936916    114.35568260      44.2144
   30  2394   139761.4270      30.52935667    114.35564443      24.7453
   31  2394   139762.4270      30.52932316    114.35568589      26.2042
   32  2394   139763.4270      30.52934973    114.35588904      83.5762
   33  2394   139764.4270      30.52934856    114.35574815      47.0983
   34  2394   139765.4270      30.52933868    114.35574263      35.1465
   35  2394   139766.4270      30.52941675    114.35569490      17.5627
   36  2394   139767.4270      30.52931079    114.35574345      24.0854
   37  2394   139768.4270      30.52934340    114.35573160      35.2708
   38  2394   139769.4270      30.52942249    114.35576592      40.6745
   39  2394   139770.4270      30.52932313    114.35579302      55.1638
   40  2394   139771.4270      30.52932177    114.35584845      64.6718
   41  2394   139772.4270      30.52930025    114.35590176      68.4166
   42  2394   139773.4270      30.52935710    114.35579274      25.3887
   43  2394   139774.4270      30.52933730    114.35580410      23.8106
   44  2394   139775.4270      30.52938581    114.35581648      38.6250
   45  2394   139776.4270      30.52939762    114.35581254      22.3769
   46  2394   139777.4270      30.52937371    114.35583606      28.9446
   47  2394   139778.4270      30.52938331    114.35584933      29.6786
   48  2394   139779.4270      30.52931462    114.35582706      28.7448
   49  2394   139780.4270      30.52936646    114.35589064      32.2168
   50  2394   139781.4270      30.52937669    114.35586091      33.0054
   51  2394   139782.4270      30.52936931    114.35590760      29.6727
   52  2394   139783.4270      30.52939625    114.35587825      34.0852
   53  2394   139784.4270      30.52939556    114.35593626      40.6058
   54  2394   139785.4270      30.52946024    114.35589391      36.6066
   55  2394   139786.4270      30.52948274    114.35594623      44.0179
   56  2394   139787.4270      30.52937749    114.35592915      32.0601
   57  2394   139788.4270      30.52949344    114.35613742      63.6989
   58  2394   139789.4270      30.52946235    114.35595467      39.6567
   59  2394   139790.4270      30.52942560    114.35592630      59.6946
   60  2394   139791.4270      30.52947118    114.35597109      24.5391
   61  2394   139792.4270      30.52944878    114.35596540      20.4936
   62  2394   139793.4270      30.52947363    114.35593560      39.7297
   63  2394   139794.4270      30.52955522    114.35599184      39.9953
   64  2394   139795.4270      30.52967369    114.35594887      22.0249
   65  2394   139796.4270      30.52945080    114.35600143      33.3655
   66  2394   139797.4270      30.52953732    114.35603372      21.7067
   67  2394   139798.4270      30.52952307    114.35599880      44.3342
   68  2394   139799.4270      30.52951926    114.35601931      33.3891
   69  2394   139800.4270      30.52959368    114.35605337      24.7651
   70  2394   139801.4270      30.52950100    114.35601327      30.0976
   71  2394   139802.4270      30.52958607    114.35598572      51.4109
   72  2394   139803.4270      30.52956346    114.35603830      38.3837
   73  2394   139804.4270      30.52960883    114.35602457      40.8585
   74  2394   139805.4270      30.52960880    114.35605363      27.0475
   75  2394   139806.4270      30.52959909    114.35606115      16.3022
   76  2394   139807.4270      30.52959036    114.35603334      65.4626
   77  2394   139808.4270      30.52961986    114.35606700      24.0138
   78  2394   139809.4270      30.52958356    114.35607732      38.1837
   79  2394   139810.4270      30.52958414    114.35605100      41.2542
   80  2394   139811.4270      30.52965543    114.35605321      23.8418
   81  2394   139812.4270      30.52966704    114.35603936      27.4652
   82  2394   139813.4270      30.52961679    114.35604823      15.6678
   83  2394   139814.4270      30.52964115    114.35607120      27.3500
   84  2394   139815.4270      30.52962491    114.35604243      32.5404
   85  2394   139816.4270      30.52962771    114.35608073      31.1226
   86  2394   139817.4270      30.52967507    114.35608441      27.9479
   87  2394   139818.4270      30.52966386    114.35612990      27.1469
   88  2394   139819.4270      30.52969374    114.35600923      45.6825
   89  2394   139820.4270      30.52969912    114.35606753      35.3177
   90  2394   139821.4270      30.52971661    114.35608660      29.5049
   91  2394   139822.4270      30.52970139    114.35610396      41.7630
   92  2394   139823.4270      30.52974039    114.35609340      24.8309
   93  2394   139824.4270      30.52972891    114.35607656      35.9519
   94  2394   139825.4270      30.52974361    114.35607437      30.2427
   95  2394   139826.4270      30.52978291    114.35607867      32.3713
   96  2394   139827.4270      30.52977665    114.35608564      25.9619
   97  2394   139828.4270      30.52982374    114.35608724      42.7743
   98  2394   139829.4270      30.52980467    114.35607272      27.5077
   99  2394   139830.4270      30.52978743    114.35606030      29.7035
  100  2394   139831.4270      30.52985796    114.35602648      28.1559
  101  2394   139832.4270      30.52984148    114.35605949      36.2373
  102  2394   139833.4270      30.52989639    114.35604895      20.0734
  103  2394   139834.4270      30.52991748    114.35605664      23.3234
  104  2394   139835.4270      30.52994069    114.35601527      29.6899
  105  2394   139836.4270      30.52997019    114.35604078      27.3378
  106  2394   139837.4270      30.52995069    114.35608992      32.2273
  107  2394   139838.4270      30.52992559    114.35605948      19.2251
  108  2394   139839.4270      30.52988094    114.35609330      33.7005
  109  2394   139840.4270      30.52993888    114.35607993      27.9522
  110  2394   139841.4270      30.52994718    114.35608705      24.3998
  111  2394   139842.4270      30.52997641    114.35607411      32.6301
  112  2394   139843.4270      30.53007902    114.35599637      27.8144
  113  2394   139844.4270      30.52997836    114.35603573      45.1479
  114  2394   139845.4270      30.52995804    114.35605024      39.0783
  115  2394   139846.4270      30.52996910    114.35606708      32.4329
  116  2394   139847.4270      30.52998286    114.35606685      33.7705
  117  2394   139848.4270      30.53004526    114.35604470      39.1885
  118  2394   139849.4270      30.53004316    114.35608799      17.6555
  119  2394   139850.4270      30.53003413    114.35607098      22.3465
  120  2394   139851.4270      30.53007210    114.35603016      32.4236
  121  2394   139852.4270      30.53005351    114.35607044      29.3966
  122  2394   139853.4270      30.53005204    114.35608341      32.4366
  123  2394   139854.4270      30.53008975    114.35607275      25.7003
  124  2394   139855.4270      30.53011065    114.35607485      36.1814
  125  2394   139856.4270      30.53010018    114.35604562      36.7632
  126  2394   139857.4270      30.53012750    114.35607088      36.5502
  127  2394   139858.4270      30.53009646    114.35608015      48.2706
  128  2394   139859.4270      30.53014384    114.35609575      21.5791
  129  2394   139860.4270      30.53019883    114.35607334      28.5683
  130  2394   139861.4270      30.53016105    114.35607639      34.5694
  131  2394   139862.4270      30.53017721    114.35605599      26.1997
  132  2394   139863.4270      30.53020899    114.35608331      30.9614
  133  2394   139864.4270      30.53019273    114.35608052      36.4379
  134  2394   139865.4270      30.53020443    114.35607842      29.3553
  135  2394   139866.4270      30.53020307    114.35608786      28.8033
  136  2394   139867.4270      30.53020424    114.35607316      43.6596
  137  2394   139868.4270      30.53023675    114.35608539      41.4297
  138  2394   139869.4270      30.53024925    114.35603971      39.5822
  139  2394   139870.4270      30.53026338    114.35606430      31.6868
  140  2394   139871.4270      30.53028367    114.35607529      31.9889
  141  2394   139872.4270      30.53029173    114.35607415      30.4409
  142  2394   139873.4270      30.53030717    114.35599868      35.5941
  143  2394   139874.4270      30.53033107    114.35607707      32.5095
  144  2394   139875.4270      30.53039183    114.35608365      66.6954
  145  2394   139876.4270      30.53035646    114.35608348      66.2465
  146  2394   139877.4270      30.53042924    114.35604343      31.3240
  147  2394   139878.4270      30.53034538    114.35607149      39.4090
  148  2394   139879.4270      30.53039552    114.35603211      33.1751
  149  2394   139880.4270      30.53043168    114.35607481      43.4395
  150  2394   139881.4270      30.53041994    114.35605782      81.9391
  151  2394   139882.4270      30.53044645    114.35602708      65.7121
  152  2394   139883.4270      30.53046593    114.35604795      30.2034
  153  2394   139884.4270      30.53049463    114.35607799      58.5859
  154  2394   139885.4270      30.53045141    114.35605360      40.1820
  155  2394   139886.4270      30.53048072    114.35604295      41.8117
  156  2394   139887.4270      30.53064655    114.35590039      51.8471
  157  2394   139888.4270      30.53063264    114.35602953      48.7223
  158  2394   139889.4270      30.53053796    114.35605141      38.8444
  159  2394   139890.4270      30.53051085    114.35605339      30.2490
  160  2394   139891.4270      30.53050551    114.35604404      37.5988
  161  2394   139892.4270      30.53058420    114.35600631      23.9869
  162  2394   139893.4270      30.53053582    114.35604146      38.8654
  163  2394   139894.4270      30.53060791    114.35601267      35.5891
  164  2394   139895.4270      30.53059840    114.35603220      29.7945
  165  2394   139896.4270      30.53058329    114.35598952      52.0824
  166  2394   139897.4270      30.53056026    114.35601870      52.8170
  167  2394   139898.4270      30.53058600    114.35598880      66.3376
  168  2394   139899.4270      30.53057527    114.35596640      85.4772
  169  2394   139900.4270      30.53060251    114.35591781      86.6561
  170  2394   139901.4270      30.53059210    114.35596255     101.9037
  171  2394   139902.4270      30.53055282    114.35594010      96.1081
  172  2394   139903.4270      30.53056841    114.35590715      74.3563
  173  2394   139904.4270      30.53058011    114.35595191      57.2859
  174  2394   139905.4270      30.53061294    114.35593735      45.3987
  175  2394   139906.4270      30.53062099    114.35590639      51.3306
  176  2394   139907.4270      30.53060889    114.35588783      68.0714
  177  2394   139908.4270      30.53066538    114.35591502      34.4939
  178  2394   139909.4270      30.53068925    114.35592168      41.5776
  179  2394   139910.4270      30.53065800    114.35593767      76.8589
  180  2394   139911.4270      30.53059227    114.35580184      79.9178
  181  2394   139912.4270      30.53061617    114.35580965      67.7108
  182  2394   139913.4270      30.53058737    114.35578572      84.6359
  183  2394   139914.4270      30.53067521    114.35582987      52.9331
  184  2394   139915.4270      30.53069936    114.35584539      43.8385
  185  2394   139916.4270      30.53069974    114.35582110      58.7727
  186  2394   139917.4270      30.53065843    114.35576960      62.3914
  187  2394   139918.4270      30.53061214    114.35574055      69.5842
  188  2394   139919.4270      30.53069939    114.35577475      57.1005
  189  2394   139920.4270      30.53072992    114.35579709      31.3930
  190  2394   139921.4270      30.53061747    114.35564901     100.4005
  191  2394   139922.4270      30.53065605    114.35573787      55.5734
  192  2394   139923.4270      30.53070953    114.35578217      46.8298
  193  2394   139924.4270      30.53066598    114.35571341      51.7277
  194  2394   139925.4270      30.53073430    114.35576133      37.6410
  195  2394   139926.4270      30.53068664    114.35570759      46.8332
  196  2394   139927.4270      30.53073573    114.35570016      12.1551
  197  2394   139928.4270      30.53067377    114.35568778      46.8258
  198  2394   139929.4270      30.53067637    114.35563856      57.4327
  199  2394   139930.4270      30.53073794    114.35567279      25.8634
  200  2394   139931.4270      30.53073350    114.35567034      24.8513
  201  2394   139932.4270      30.53078933    114.35552577      51.5640
  202  2394   139933.4270      30.53063977    114.35559842      64.6556
  203  2394   139934.4270      30.53072591    114.35561676      33.6242
  204  2394   139935.4270      30.53068343    114.35555613      59.4098
  205  2394   139936.4270      30.53063248    114.35551585      69.2845
  206  2394   139937.4270      30.53071597    114.35563418      45.6116
  207  2394   139938.4270      30.53070892    114.35563131      42.9951
  208  2394   139939.4270      30.53065145    114.35562968      36.6923
  209  2394   139940.4270      30.53072426    114.35559717      29.0038
  210  2394   139941.4270      30.53069917    114.35554996      32.3789
  211  2394   139942.4270      30.53066201    114.35554311      39.0723
  212  2394   139943.4270      30.53068396    114.35553031      31.1367
  213  2394   139944.4270      30.53071343    114.35551715      38.8118
  214  2394   139945.4270      30.53068130    114.35547900      33.3721
  215  2394   139946.4270      30.53068786    114.35547271      36.4296
  216  2394   139947.4270      30.53062762    114.35535862      70.1549
  217  2394   139948.4270      30.53065521    114.35541122      45.9067
  218  2394   139949.4270      30.53067945    114.35548373      27.7362
  219  2394   139950.4270      30.53069810    114.35547273      24.8570
  220  2394   139951.4270      30.53067256    114.35544459      24.2183
  221  2394   139952.4270      30.53064001    114.35543984      32.2873
  222  2394   139953.4270      30.53065643    114.35545503      28.0695
  223  2394   139954.4270      30.53067400    114.35543502      25.4107
  224  2394   139955.4270      30.53063288    114.35540632      33.6104
  225  2394   139956.4270      30.53066347    114.35541402      31.0184
  226  2394   139957.4270      30.53061753    114.35540815      23.3717
  227  2394   139958.4270      30.53061001    114.35539476      28.3007
  228  2394   139959.4270      30.53056045    114.35536829      36.2059
  229  2394   139960.4270      30.53056367    114.35537115      27.9394
  230  2394   139961.4270      30.53058888    114.35533589      35.7044
  231  2394   139962.4270      30.53064117    114.35527184      58.3746
  232  2394   139963.4270      30.53051947    114.35534182      36.7098
  233  2394   139964.4270      30.53057800    114.35531650      35.4310
  234  2394   139965.4270      30.53056602    114.35535095      32.0303
  235  2394   139966.4270      30.53055243    114.35534490      35.6996
  236  2394   139967.4270      30.53054611    114.35531648      33.1530
  237  2394   139968.4270      30.53051164    114.35531606      27.4986
  238  2394   139969.4270      30.53051708    114.35534259      43.9629
  239  2394   139970.4270      30.53056289    114.35539151      63.7977
  240  2394   139971.4270      30.53050433    114.35532721      41.1974
  241  2394   139972.4270      30.53049441    114.35531582      60.7111
  242  2394   139973.4270      30.53057816    114.35535744      99.6229
  243  2394   139974.4270      30.53042604    114.35528115      30.5817
  244  2394   139975.4270      30.53045274    114.35530082      31.1621
  245  2394   139976.4270      30.53045258    114.35532239      21.5689
  246  2394   139977.4270      30.53043439    114.35530697      37.0370
  247  2394   139978.4270      30.53039371    114.35532058      28.3739
  248  2394   139979.4270      30.53038575    114.35531338      26.1227
  249  2394   139980.4270      30.53039870    114.35531938      20.4281
  250  2394   139981.4270      30.53036821    114.35531848      23.7123
  251  2394   139982.4270      30.53036665    114.35531255      37.7821
  252  2394   139983.4270      30.53034902    114.35532947      33.0027
  253  2394   139984.4270      30.53034645    114.35533730      21.4505
  254  2394   139985.4270      30.53030870    114.35532375      20.1954
  255  2394   139986.4270      30.53030379    114.35537310      28.3892
  256  2394   139987.4270      30.53030786    114.35534633      27.8470
  257  2394   139988.4270      30.53027743    114.35538180      31.5168
  258  2394   139989.4270      30.53028034    114.35534819      18.5779
  259  2394   139990.4270      30.53025231    114.35535588      19.2152
  260  2394   139991.4270      30.53023435    114.35534999      23.1500
  261  2394   139992.4270      30.53025829    114.35536297      24.7828
  262  2394   139993.4270      30.53024600    114.35535243      21.4262
  263  2394   139994.4270      30.53020099    114.35532644      16.8223
  264  2394   139995.4270      30.53021350    114.35533947      14.2781
  265  2394   139996.4270      30.53018199    114.35534450      22.4851
  266  2394   139997.4270      30.53017456    114.35534314      19.8211
  267  2394   139998.4270      30.53015261    114.35534669      15.5274
  268  2394   139999.4270      30.53017471    114.35534267      19.8852
  269  2394   140000.4270      30.53013489    114.35530507      10.2125
  270  2394   140001.4270      30.53013963    114.35533522      24.3032
  271  2394   140002.4270      30.53006121    114.35540975      16.1605
  272  2394   140003.4270      30.53008310    114.35537163      14.1331
  273  2394   140004.4270      30.53002405    114.35537090      21.4376
  274  2394   140005.4270      30.53006465    114.35533428      19.5385
  275  2394   140006.4270      30.53006217    114.35535915      15.1466
  276  2394   140007.4270      30.53003783    114.35533411      13.2963
  277  2394   140008.4270      30.53005438    114.35533651      11.3488
  278  2394   140009.4270      30.53003465    114.35537289      25.0703
  279  2394   140010.4270      30.53000743    114.35536453      20.6302
  280  2394   140011.4270      30.52999285    114.35535128      22.1508
  281  2394   140012.4270      30.52999321    114.35532872      23.3671
  282  2394   140013.4270      30.52996141    114.35539509      26.6456
  283  2394   140014.4270      30.52998172    114.35540016      29.1661
  284  2394   140015.4270      30.52995884    114.35538853      24.7745
  285  2394   140016.4270      30.52993688    114.35542644      24.4265
  286  2394   140017.4270      30.52989901    114.35541326      30.9893
  287  2394   140018.4270      30.52993293    114.35535295      14.6049
  288  2394   140019.4270      30.52993191    114.35536754      24.9071
  289  2394   140020.4270      30.52990383    114.35536968      25.4358
  290  2394   140021.4270      30.52986569    114.35538237      20.0340
  291  2394   140022.4270      30.52987032    114.35537891       7.1598
  292  2394   140023.4270      30.52986291    114.35536631      19.0800
  293  2394   140024.4270      30.52985674    114.35535282      12.6518
  294  2394   140025.4270      30.52981838    114.35536256      21.2394
  295  2394   140026.4270      30.52982535    114.35535969      34.2030
  296  2394   140027.4270      30.52979678    114.35534794      11.6781
  297  2394   140028.4270      30.52981085    114.35532476      10.1545
  298  2394   140029.4270      30.52980312    114.35535927      22.2014
  299  2394   140030.4270      30.52977831    114.35537000      12.3117
  300  2394   140031.4270      30.52974125    114.35535505      21.9738
  301  2394   140032.4270      30.52975185    114.35532898      11.9778
  302  2394   140033.4270      30.52973119    114.35536000      14.4996
  303  2394   140034.4270      30.52973678    114.35533108      23.8076
  304  2394   140035.4270      30.52971925    114.35535582      21.3093
  305  2394   140036.4270      30.52971388    114.35532626       2.8817
  306  2394   140037.4270      30.52969368    114.35540750       0.7364
  307  2394   140038.4270      30.52966071    114.35535015      13.4438
  308  2394   140039.4270      30.52963091    114.35536363       1.6483
  309  2394   140040.4270      30.52966867    114.35533292       4.7198
  310  2394   140041.4270      30.52964223    114.35537457      11.4414
  311  2394   140042.4270      30.52964664    114.35537610      22.5109
  312  2394   140043.4270      30.52959353    114.35540544      17.6769
  313  2394   140044.4270      30.52959941    114.35535590       3.4131
  314  2394   140045.4270      30.52957943    114.35538576      28.2807
  315  2394   140046.4270      30.52952932    114.35534883      23.4243
  316  2394   140047.4270      30.52953950    114.35535802      12.7424
  317  2394   140048.4270      30.52955327    114.35538550      12.1867
  318  2394   140049.4270      30.52946358    114.35548877      36.1981
  319  2394   140050.4270      30.52951190    114.35543583      31.5418
  320  2394   140051.4270      30.52948605    114.35552700      33.0207
  321  2394   140052.4270      30.52954425    114.35543113      21.5887
  322  2394   140053.4270      30.52955151    114.35532196      14.4050
  323  2394   140054.4270      30.52949841    114.35542893      14.2719
  324  2394   140055.4270      30.52951204    114.35539396      23.0906
  325  2394   140056.4270      30.52945343    114.35538339      20.1954
  326  2394   140057.4270      30.52945526    114.35544576      30.0977
  327  2394   140058.4270      30.52940769    114.35544967      22.6436
  328  2394   140059.4270      30.52945506    114.35545873      35.5341
  329  2394   140060.4270      30.52943183    114.35544510      21.3053
  330  2394   140061.4270      30.52941480    114.35546666      44.4806
  331  2394   140062.4270      30.52940983    114.35544740      23.1893
  332  2394   140063.4270      30.52941435    114.35543546      27.5344
  333  2394   140064.4270      30.52941860    114.35546921      26.1326
  334  2394   140065.4270      30.52940978    114.35550303      57.0047
  335  2394   140066.4270      30.52937114    114.35547571      37.2412
  336  2394   140067.4270      30.52937908    114.35552417      43.4729
  337  2394   140068.4270      30.52940213    114.35550099      41.9046
  338  2394   140069.4270      30.52937613    114.35550627      27.8319
  339  2394   140070.4270      30.52934916    114.35560448      43.7466
  340  2394   140071.4270      30.52934745    114.35553145      41.0933
  341  2394   140072.4270      30.52940551    114.35550214      35.9175
  342  2394   140073.4270      30.52935486    114.35562853      47.2217
  343  2394   140074.4270      30.52941208    114.35557725      42.1083
  344  2394   140075.4270      30.52936420    114.35558790      52.1690
  345  2394   140076.4270      30.52933710    114.35563870      55.4118
  346  2394   140077.4270      30.52927367    114.35572640      54.7991
  347  2394   140078.4270      30.52933524    114.35565133      40.0400
  348  2394   140079.4270      30.52930246    114.35576280      63.0076
  349  2394   140080.4270      30.52940640    114.35560999      39.9020
  350  2394   140081.4270      30.52937172    114.35568281      24.3395
  351  2394   140082.4270      30.52936647    114.35563700      32.2799
  352  2394   140083.4270      30.52933225    114.35571568      46.8646
  353  2394   140084.4270      30.52940525    114.35578070      50.1071
  354  2394   140085.4270      30.52935534    114.35571371      34.2381
  355  2394   140086.4270      30.52934694    114.35573582      33.1630
  356  2394   140087.4270      30.52942719    114.35569568      24.2187
  357  2394   140088.4270      30.52953827    114.35562716      32.4609
  358  2394   140089.4270      30.52936152    114.35575090      22.2442
  359  2394   140090.4270      30.52945797    114.35569035      36.5372
  360  2394   140091.4270      30.52957462    114.35559078      34.3981
  361  2394   140092.4270      30.52942977    114.35570521      30.9443
  362  2394   140093.4270      30.52945972    114.35577797      17.5847
  363  2394   140094.4270      30.52954901    114.35574183      47.3168
  364  2394   140095.4270      30.52942539    114.35577805      21.6855
  365  2394   140096.4270      30.52947556    114.35576530      21.2662
  366  2394   140097.4270      30.52941078    114.35585867      41.9861
  367  2394   140098.4270      30.52938388    114.35586952      50.3502
  368  2394   140099.4270      30.52953160    114.35584844      21.0963
  369  2394   140100.4270      30.52962071    114.35580451      38.3304
  370  2394   140101.4270      30.52940744    114.35582359      29.0771
  371  2394   140102.4270      30.52942497    114.35586534      31.3527
  372  2394   140103.4270      30.52946323    114.35593888      30.2119
  373  2394   140104.4270      30.52938813    114.35589155      37.9612
  374  2394   140105.4270      30.52946344    114.35589782      20.6917
  375  2394   140106.4270      30.52943965    114.35597359      21.7684
  376  2394   140107.4270      30.52954648    114.35600147      54.2679
  377  2394   140108.4270      30.52950847    114.35588502      46.6073
  378  2394   140109.4270      30.52943455    114.35591734      43.0383
  379  2394   140110.4270      30.52944229    114.35595530      54.4708
  380  2394   140111.4270      30.52946344    114.35600877      71.2897
  381  2394   140112.4270      30.52942335    114.35594526      44.6789
  382  2394   140113.4270      30.52946449    114.35600866      31.0329
  383  2394   140114.4270      30.52940580    114.35604599      53.9039
  384  2394   140115.4270      30.52942903    114.35599017      46.7391
  385  2394   140116.4270      30.52958892    114.35603217      77.2161
  386  2394   140117.4270      30.52948036    114.35597688      64.0938
  387  2394   140118.4270      30.52955081    114.35596835      51.4310
  388  2394   140119.4270      30.52947683    114.35595475      56.5946
  389  2394   140120.4270      30.52946469    114.35599177      67.2984
  390  2394   140121.4270      30.52944303    114.35598853      45.6685
  391  2394   140122.4270      30.52949588    114.35601328      43.4522
  392  2394   140123.4270      30.52950204    114.35600470      54.8782
  393  2394   140124.4270      30.52957607    114.35604637      42.1678
  394  2394   140125.4270      30.52959724    114.35598157      74.3771
  395  2394   140126.4270      30.52955698    114.35602962      81.1218
  396  2394   140127.4270      30.52956339    114.35602865      62.9961
  397  2394   140128.4270      30.52958158    114.35601238      65.0316
  398  2394   140129.4270      30.52966952    114.35603123      95.0398
  399  2394   140130.4270      30.52958211    114.35605244      66.5627
  400  2394   140131.4270      30.52951832    114.35603695      46.1945
  401  2394   140132.4270      30.52959767    114.35610511      29.8676
  402  2394   140133.4270      30.52961649    114.35603676      49.0985
  403  2394   140134.4270      30.52958113    114.35600498      38.5393
  404  2394   140135.4270      30.52962018    114.35600992      33.5032
  405  2394   140136.4270      30.52966658    114.35606285      32.9620
  406  2394   140137.4270      30.52965623    114.35604055      34.4176
  407  2394   140138.4270      30.52967289    114.35604793      25.1050
  408  2394   140139.4270      30.52967584    114.35599403      35.5029
  409  2394   140140.4270      30.52973234    114.35605762      57.2254
  410  2394   140141.4270      30.52974110    114.35607577      15.0676
  411  2394   140142.4270      30.52969653    114.35605399      31.4768
  412  2394   140143.4270      30.52975004    114.35601958      19.2105
  413  2394   140144.4270      30.52973588    114.35603239      23.2018
  414  2394   140145.4270      30.52981122    114.35606409      22.7286
  415  2394   140146.4270      30.52975738    114.35606804      35.4277
  416  2394   140147.4270      30.52973963    114.35605807      24.1230
  417  2394   140148.4270      30.52975195    114.35606118      28.4344
  418  2394   140149.4270      30.52977887    114.35606812      23.5837
  419  2394   140150.4270      30.52975196    114.35602414      52.7013
  420  2394   140151.4270      30.52979643    114.35605714      30.7752
  421  2394   140152.4270      30.52982586    114.35607186      26.1013
  422  2394   140153.4270      30.52976717    114.35605063      28.5830
  423  2394   140154.4270      30.52979106    114.35602929      36.4287
  424  2394   140155.4270      30.52981685    114.35607271      27.9931
  425  2394   140156.4270      30.52978079    114.35604631      32.0464
  426  2394   140157.4270      30.52979092    114.35605178      54.8959
  427  2394   140158.4270      30.52983965    114.35606774      39.5553
  428  2394   140159.4270      30.52986205    114.35604080      36.9607
  429  2394   140160.4270      30.52989973    114.35607401      25.5259
  430  2394   140161.4270      30.52991341    114.35610296      33.8808
  431  2394   140162.4270      30.52988729    114.35609650      29.3101
  432  2394   140163.4270      30.52988910    114.35600020      76.5885
  433  2394   140164.4270      30.52988924    114.35609968      28.8364
  434  2394   140165.4270      30.52990453    114.35608141      40.2667
  435  2394   140166.4270      30.52993767    114.35603108      48.8801
  436  2394   140167.4270      30.52995277    114.35609257      30.5381
  437  2394   140168.4270      30.52996504    114.35602068      37.1472
  438  2394   140169.4270      30.52996223    114.35603541      46.4773
  439  2394   140170.4270      30.52997651    114.35607782      48.0820
  440  2394   140171.4270      30.52999903    114.35603352      43.4970
  441  2394   140172.4270      30.53005018    114.35605218      32.0197
  442  2394   140173.4270      30.52995663    114.35608010      44.7480
  443  2394   140174.4270      30.53004768    114.35609606      21.8801
  444  2394   140175.4270      30.53003550    114.35604188      23.2831
  445  2394   140176.4270      30.53002811    114.35606840      21.7187
  446  2394   140177.4270      30.53003840    114.35607746      19.1040
  447  2394   140178.4270      30.53007272    114.35605088      24.1367
  448  2394   140179.4270      30.53011345    114.35607912      15.0049
  449  2394   140180.4270      30.53010843    114.35607073      25.7343
  450  2394   140181.4270      30.53010183    114.35602191      38.3057
  451  2394   140182.4270      30.53014900    114.35600855      28.8015
  452  2394   140183.4270      30.53012629    114.35603783      40.8216
  453  2394   140184.4270      30.53014256    114.35608032      40.9421
  454  2394   140185.4270      30.53016482    114.35606033      38.5090
  455  2394   140186.4270      30.53020481    114.35611646      27.2207
  456  2394   140187.4270      30.53019321    114.35606209      55.3895
  457  2394   140188.4270      30.53022603    114.35603703       9.9520
  458  2394   140189.4270      30.53021787    114.35608555      35.9379
  459  2394   140190.4270      30.53020754    114.35608696      22.2143
  460  2394   140191.4270      30.53019284    114.35608926      24.2589
  461  2394   140192.4270      30.53023330    114.35609791      34.4388
  462  2394   140193.4270      30.53025927    114.35608464      37.3137
  463  2394   140194.4270      30.53023079    114.35609488      31.6742
  464  2394   140195.4270      30.53020548    114.35607691      30.1490
  465  2394   140196.4270      30.53026634    114.35607478      24.4911
  466  2394   140197.4270      30.53028346    114.35609477      30.0623
  467  2394   140198.4270      30.53029868    114.35607292      29.3724
  468  2394   140199.4270      30.53032608    114.35607174      28.3667
  469  2394   140200.4270      30.53033372    114.35604807      37.2628
  470  2394   140201.4270      30.53033980    114.35608014      39.9985
  471  2394   140202.4270      30.53034863    114.35607756      61.4606
  472  2394   140203.4270      30.53037464    114.35607057      37.4088
  473  2394   140204.4270      30.53036472    114.35606921      15.2641
  474  2394   140205.4270      30.53035839    114.35607510      36.7374
  475  2394   140206.4270      30.53037905    114.35610056      28.1283
  476  2394   140207.4270      30.53043248    114.35608728      49.1236
  477  2394   140208.4270      30.53041394    114.35610164      49.1020
  478  2394   140209.4270      30.53041076    114.35607494      36.3734
  479  2394   140210.4270      30.53040847    114.35607700      23.7083
  480  2394   140211.4270      30.53043886    114.35609511       7.6565
  481  2394   140212.4270      30.53052089    114.35601216      17.5666
  482  2394   140213.4270      30.53047622    114.35606960      14.6999
  483  2394   140214.4270      30.53052796    114.35605658       2.4733
  484  2394   140215.4270      30.53048691    114.35608631      20.0039
  485  2394   140216.4270      30.53055746    114.35602661      21.0968
  486  2394   140217.4270      30.53051013    114.35607368      27.9982
  487  2394   140218.4270      30.53051531    114.35604545      23.2744
  488  2394   140219.4270      30.53048596    114.35606814      35.0045
  489  2394   140220.4270      30.53049046    114.35608895      36.9053
  490  2394   140221.4270      30.53050551    114.35602036      45.5691
  491  2394   140222.4270      30.53056220    114.35603365      29.6438
  492  2394   140223.4270      30.53057836    114.35601850      39.2921
  493  2394   140224.4270      30.53051611    114.35597548      59.6096
  494  2394   140225.4270      30.53058256    114.35601733      36.4844
  495  2394   140226.4270      30.53058136    114.35603069      38.9204
  496  2394   140227.4270      30.53055742    114.35599150      47.7774
  497  2394   140228.4270      30.53057236    114.35596060      49.7917
  498  2394   140229.4270      30.53058338    114.35597667      30.7591
  499  2394   140230.4270      30.53057942    114.35600640      45.7185
  500  2394   140231.4270      30.53057861    114.35598218      39.3568
  501  2394   140232.4270      30.53064058    114.35600133      27.3242
  502  2394   140233.4270      30.53061396    114.35596565      46.5345
  503  2394   140234.4270      30.53054123    114.35591575      63.2212
  504  2394   140235.4270      30.53060192    114.35590169      53.6284
  505  2394   140236.4270      30.53064275    114.35589416      52.1050
  506  2394   140237.4270      30.53057683    114.35587767      66.2201
  507  2394   140238.4270      30.53059632    114.35589745      76.4281
  508  2394   140239.4270      30.53062239    114.35589723      63.9447
  509  2394   140240.4270      30.53061689    114.35584236      71.9042
  510  2394   140241.4270      30.53063253    114.35588282      72.1442
  511  2394   140242.4270      30.53058160    114.35581365      77.4246
  512  2394   140243.4270      30.53067578    114.35588442      34.1067
  513  2394   140244.4270      30.53064949    114.35585127      54.3256
  514  2394   140245.4270      30.53069734    114.35585644      49.7788
  515  2394   140246.4270      30.53067477    114.35584875      50.2151
  516  2394   140247.4270      30.53061920    114.35570389     113.2443
  517  2394   140248.4270      30.53068899    114.35584333      52.7845
  518  2394   140249.4270      30.53070671    114.35580875      51.1099
  519  2394   140250.4270      30.53071674    114.35581368      55.4849
  520  2394   140251.4270      30.53072105    114.35580195      28.4292
  521  2394   140252.4270      30.53072968    114.35581630      28.0984
  522  2394   140253.4270      30.53072925    114.35576739      43.4602
  523  2394   140254.4270      30.53070175    114.35569001      54.1888
  524  2394   140255.4270      30.53073208    114.35574516      34.5185
  525  2394   140256.4270      30.53074636    114.35563474      65.0945
  526  2394   140257.4270      30.53070937    114.35572853      47.9127
  527  2394   140258.4270      30.53071657    114.35570728      40.0406
  528  2394   140259.4270      30.53072214    114.35571370      47.7448
  529  2394   140260.4270      30.53074866    114.35571394      49.0429
  530  2394   140261.4270      30.53071246    114.35562204      57.4192
  531  2394   140262.4270      30.53066545    114.35552280      92.6960
  532  2394   140263.4270      30.53073748    114.35566775      28.6291
  533  2394   140264.4270      30.53070357    114.35558847      47.3557
  534  2394   140265.4270      30.53064817    114.35553798      59.8250
  535  2394   140266.4270      30.53071213    114.35560953      52.0201
  536  2394   140267.4270      30.53061661    114.35545461     107.9722
  537  2394   140268.4270      30.53063379    114.35549104      78.5502
  538  2394   140269.4270      30.53069878    114.35555257      49.3255
  539  2394   140270.4270      30.53070490    114.35553693      45.3960
  540  2394   140271.4270      30.53062832    114.35541565      78.8124
  541  2394   140272.4270      30.53060681    114.35541717      69.1295
  542  2394   140273.4270      30.53070337    114.35553860      27.7904
  543  2394   140274.4270      30.53067440    114.35547340      45.2938
  544  2394   140275.4270      30.53065357    114.35544041      60.3152
  545  2394   140276.4270      30.53071711    114.35549829      25.0755
  546  2394   140277.4270      30.53068100    114.35544688      25.2299
  547  2394   140278.4270      30.53072523    114.35549660      20.4061
  548  2394   140279.4270      30.53071777    114.35550781      22.7543
  549  2394   140280.4270      30.53066671    114.35547731      24.7108
  550  2394   140281.4270      30.53069678    114.35545363      29.6405
  551  2394   140282.4270      30.53067642    114.35545583      19.8094
  552  2394   140283.4270      30.53067015    114.35544922      26.7865
  553  2394   140284.4270      30.53064790    114.35541951      29.7297
  554  2394   140285.4270      30.53066715    114.35543781      19.5672
  555  2394   140286.4270      30.53066153    114.35542431      22.9777
  556  2394   140287.4270      30.53064109    114.35541876      18.8598
  557  2394   140288.4270      30.53063797    114.35542969      19.6185
  558  2394   140289.4270      30.53056786    114.35539648      37.8435
  559  2394   140290.4270      30.53058695    114.35537626      39.0554
  560  2394   140291.4270      30.53059652    114.35537219      22.1828
  561  2394   140292.4270      30.53056681    114.35538816      34.4571
  562  2394   140293.4270      30.53057919    114.35538858      33.8077
  563  2394   140294.4270      30.53057206    114.35536074      33.6428
  564  2394   140295.4270      30.53053398    114.35534996      32.7353
  565  2394   140296.4270      30.53054373    114.35533519      35.0361
  566  2394   140297.4270      30.53052429    114.35533524      37.6226
  567  2394   140298.4270      30.53050779    114.35535620      34.0181
  568  2394   140299.4270      30.53055141    114.35536494      19.2962
  569  2394   140300.4270      30.53052312    114.35538390      26.3103
  570  2394   140301.4270      30.53051526    114.35535155      26.6996
  571  2394   140302.4270      30.53049721    114.35532522      24.6267
  572  2394   140303.4270      30.53049407    114.35536095      17.9340
  573  2394   140304.4270      30.53048278    114.35534499      29.5108
  574  2394   140305.4270      30.53048227    114.35532991      29.2407
  575  2394   140306.4270      30.53046672    114.35535037      26.3379
  576  2394   140307.4270      30.53044065    114.35534625      26.8448
  577  2394   140308.4270      30.53040444    114.35539252      32.7641
  578  2394   140309.4270      30.53043968    114.35535677      21.7240
  579  2394   140310.4270      30.53043293    114.35532450      36.3724
  580  2394   140311.4270      30.53040426    114.35532172      28.9075
  581  2394   140312.4270      30.53040125    114.35534803      22.6048
  582  2394   140313.4270      30.53043942    114.35535343      33.9698
  583  2394   140314.4270      30.53040171    114.35537325      29.7277
  584  2394   140315.4270      30.53035760    114.35535437      26.6860
  585  2394   140316.4270      30.53034288    114.35533696      26.1147
  586  2394   140317.4270      30.53034158    114.35532528      29.8778
  587  2394   140318.4270      30.53035124    114.35532675      24.3455
  588  2394   140319.4270      30.53027351    114.35533900      22.4942
  589  2394   140320.4270      30.53027144    114.35539361      32.0842
  590  2394   140321.4270      30.53028554    114.35532930      29.3612
  591  2394   140322.4270      30.53028923    114.35531928      37.6295
  592  2394   140323.4270      30.53028431    114.35533946      25.5305
  593  2394   140324.4270      30.53029773    114.35533356      26.1224
  594  2394   140325.4270      30.53026277    114.35531926      20.4515
  595  2394   140326.4270      30.53023978    114.35534081      21.3337
  596  2394   140327.4270      30.53024834    114.35532106      18.5902
  597  2394   140328.4270      30.53026114    114.35535756      28.2216
  598  2394   140329.4270      30.53020230    114.35535399      18.9931
  599  2394   140330.4270      30.53022127    114.35531332      16.8742
  600  2394   140331.4270      30.53018409    114.35537994      17.7591
  601  2394   140332.4270      30.53015484    114.35531713      16.0126
  602  2394   140333.4270      30.53018500    114.35535394      21.1570
  603  2394   140334.4270      30.53014893    114.35533785      24.2103
  604  2394   140335.4270      30.53013610    114.35534034      23.4644
  605  2394   140336.4270      30.53013943    114.35534734      24.7422
  606  2394   140337.4270      30.53012875    114.35535288      27.5009
  607  2394   140338.4270      30.53013037    114.35539086      27.1737
  608  2394   140339.4270      30.53011483    114.35533217      16.9807
  609  2394   140340.4270      30.53009942    114.35531585      13.0228
  610  2394   140341.4270      30.53005480    114.35537098      20.1294
  611  2394   140342.4270      30.53006457    114.35534903      23.5472
  612  2394   140343.4270      30.53005435    114.35537228      27.8836
  613  2394   140344.4270      30.53003724    114.35537347      26.6503
  614  2394   140345.4270      30.53001889    114.35538696      28.2246
  615  2394   140346.4270      30.53002954    114.35533250      15.6643
  616  2394   140347.4270      30.53001478    114.35538422      23.8350
  617  2394   140348.4270      30.53000853    114.35538462      22.0601
  618  2394   140349.4270      30.52999034    114.35537774      26.6351
  619  2394   140350.4270      30.53000724    114.35538408      28.6883
  620  2394   140351.4270      30.52995008    114.35534244      30.7452
  621  2394   140352.4270      30.52997069    114.35533850      17.1809
  622  2394   140353.4270      30.52992411    114.35538595      23.8380
  623  2394   140354.4270      30.52994987    114.35536051      29.4560
  624  2394   140355.4270      30.52990065    114.35537497      24.7907
  625  2394   140356.4270      30.52991559    114.35539927      29.0863
  626  2394   140357.4270      30.52990849    114.35539743      26.3257
  627  2394   140358.4270      30.52988211    114.35540016      30.1161
  628  2394   140359.4270      30.52985773    114.35544561      34.2843
  629  2394   140360.4270      30.52987544    114.35535965      28.4883
  630  2394   140361.4270      30.52986177    114.35535463      25.2009
  631  2394   140362.4270      30.52983163    114.35540003      24.3617
  632  2394   140363.4270      30.52979874    114.35536783      17.9030
  633  2394   140364.4270      30.52981122    114.35535802      23.8060
  634  2394   140365.4270      30.52982597    114.35534459      23.3141
  635  2394   140366.4270      30.52981197    114.35537100      22.7032
  636  2394   140367.4270      30.52976752    114.35542245      24.9065
  637  2394   140368.4270      30.52977741    114.35541111      31.4030
  638  2394   140369.4270      30.52978172    114.35536616      26.4318
  639  2394   140370.4270      30.52975687    114.35538091      24.5451
  640  2394   140371.4270      30.52973399    114.35538605      26.1768
  641  2394   140372.4270      30.52972636    114.35539211      28.0162
  642  2394   140373.4270      30.52971118    114.35535569      18.1848
  643  2394   140374.4270      30.52969316    114.35538571      29.9515
  644  2394   140375.4270      30.52969839    114.35535490      14.4641
  645  2394   140376.4270      30.52956043    114.35538547      57.6792
  646  2394   140377.4270      30.52968850    114.35533754      20.6635
  647  2394   140378.4270      30.52963737    114.35540293      22.7794
  648  2394   140379.4270      30.52958265    114.35535161      37.8868
  649  2394   140380.4270      30.52960694    114.35534212      28.2462
  650  2394   140381.4270      30.52963648    114.35534963      27.3188
  651  2394   140382.4270      30.52958798    114.35538228      23.3107
  652  2394   140383.4270      30.52957713    114.35539589      17.3298
  653  2394   140384.4270      30.52956129    114.35531537      19.7585
  654  2394   140385.4270      30.52949980    114.35533362      26.9101
  655  2394   140386.4270      30.52952548    114.35537308      18.8801
  656  2394   140387.4270      30.52953613    114.35538410      21.3479
  657  2394   140388.4270      30.52950601    114.35547784      27.3004
  658  2394   140389.4270      30.52949121    114.35542085      29.1145
  659  2394   140390.4270      30.52949851    114.35542297      29.8490
  660  2394   140391.4270      30.52950225    114.35543216      26.4217
  661  2394   140392.4270      30.52946561    114.35549620      36.0189
  662  2394   140393.4270      30.52947338    114.35544905      21.7301
  663  2394   140394.4270      30.52940622    114.35561172      46.0583
  664  2394   140395.4270      30.52942236    114.35553984      35.5846
  665  2394   140396.4270      30.52942915    114.35602535     120.4959
  666  2394   140397.4270      30.52942853    114.35557297      44.0988
  667  2394   140398.4270      30.52945865    114.35546585      41.4005
  668  2394   140399.4270      30.52941142    114.35544646      29.7032
  669  2394   140400.4270      30.52939723    114.35549991      18.1678
  670  2394   140401.4270      30.52940371    114.35550861      38.3790
  671  2394   140402.4270      30.52938223    114.35553732      25.7637
  672  2394   140403.4270      30.52934970    114.35553530      55.6416
  673  2394   140404.4270      30.52934685    114.35548315      41.3074
  674  2394   140405.4270      30.52936769    114.35552210      50.0700
  675  2394   140406.4270      30.52935035    114.35547595      49.9381
  676  2394   140407.4270      30.52935808    114.35555741      40.0982
  677  2394   140408.4270      30.52934073    114.35558728      42.8378
  678  2394   140409.4270      30.52940247    114.35577685      76.8908
  679  2394   140410.4270      30.52939648    114.35549653      38.9977
  680  2394   140411.4270      30.52931436    114.35554584      31.7318
  681  2394   140412.4270      30.52940894    114.35557979      31.5706
  682  2394   140413.4270      30.52935553    114.35561018      50.0835
  683  2394   140414.4270      30.52937933    114.35562227      35.1820
  684  2394   140415.4270      30.52933856    114.35560371      41.2824
  685  2394   140416.4270      30.52934111    114.35559060      32.1958
  686  2394   140417.4270      30.52930503    114.35564474      31.5093
  687  2394   140418.4270      30.52931905    114.35568512      35.9959
  688  2394   140419.4270      30.52935323    114.35566620      31.7026
  689  2394   140420.4270      30.52932904    114.35565495      34.3668
  690  2394   140421.4270      30.52935998    114.35584631      77.9648
  691  2394   140422.4270      30.52937927    114.35572404      47.5330
  692  2394   140423.4270      30.52943873    114.35580113      38.8335
  693  2394   140424.4270      30.52943380    114.35569508      38.6873
  694  2394   140425.4270      30.52962984    114.35584169      50.2066
  695  2394   140426.4270      30.52945424    114.35574675      21.6347
  696  2394   140427.4270      30.52942124    114.35572320      30.9820
  697  2394   140428.4270      30.52944093    114.35583155      42.3751
  698  2394   140429.4270      30.52940757    114.35574221      26.1967
  699  2394   140430.4270      30.52932589    114.35580327      52.2743
  700  2394   140431.4270      30.52943576    114.35576593      18.9051
  701  2394   140432.4270      30.52948812    114.35575470      20.1360
  702  2394   140433.4270      30.52933215    114.35586907      38.8758
  703  2394   140434.4270      30.52933861    114.35582862      31.6031
  704  2394   140435.4270      30.52934847    114.35582825      18.1138
  705  2394   140436.4270      30.52939291    114.35580147      30.9315
  706  2394   140437.4270      30.52943463    114.35582978      37.3081
  707  2394   140438.4270      30.52939780    114.35584984      42.4713
  708  2394   140439.4270      30.52943661    114.35584502      26.4395
  709  2394   140440.4270      30.52935409    114.35588737      32.8510
  710  2394   140441.4270      30.52935960    114.35589228      35.8012
  711  2394   140442.4270      30.52934800    114.35590659      70.1412
  712  2394   140443.4270      30.52939970    114.35597112      52.7124
  713  2394   140444.4270      30.52936372    114.35601657      47.4895
  714  2394   140445.4270      30.52941649    114.35597715      36.7907
  715  2394   140446.4270      30.52935014    114.35593025      59.0222
  716  2394   140447.4270      30.52946636    114.35593083      24.6964
  717  2394   140448.4270      30.52946504    114.35589595      42.2068
  718  2394   140449.4270      30.52940882    114.35591650      27.8810
  719  2394   140450.4270      30.52942429    114.35595613      39.0507
  720  2394   140451.4270      30.52946191    114.35597417      33.9781
  721  2394   140452.4270      30.52945953    114.35596672      25.0060
  722  2394   140453.4270      30.52943960    114.35602703      32.2154
  723  2394   140454.4270      30.52946008    114.35600302      34.6254
  724  2394   140455.4270      30.52947542    114.35599738      24.4520
  725  2394   140456.4270      30.52947859    114.35600794      27.8361
  726  2394   140457.4270      30.52949568    114.35603585      19.9517
  727  2394   140458.4270      30.52948261    114.35601341      29.5850
  728  2394   140459.4270      30.52947627    114.35603600      34.3829
  729  2394   140460.4270      30.52949265    114.35605248      44.0070
  730  2394   140461.4270      30.52950307    114.35598609      54.7593
  731  2394   140462.4270      30.52952388    114.35599794      47.2128
  732  2394   140463.4270      30.52953275    114.35602735      33.5091
  733  2394   140464.4270      30.52951686    114.35603719      39.4591
  734  2394   140465.4270      30.52951628    114.35604528      20.2911
  735  2394   140466.4270      30.52957599    114.35599770      40.9253
  736  2394   140467.4270      30.52957009    114.35605048      30.0654
  737  2394   140468.4270      30.52954526    114.35606459      43.1540
  738  2394   140469.4270      30.52962400    114.35604731      20.0306
  739  2394   140470.4270      30.52960231    114.35605140      30.3013
  740  2394   140471.4270      30.52960033    114.35606309      21.0547
  741  2394   140472.4270      30.52953587    114.35599428      50.3702
  742  2394   140473.4270      30.52965858    114.35603944      22.6910
  743  2394   140474.4270      30.52967893    114.35597169      39.6595
  744  2394   140475.4270      30.52966978    114.35605457      28.7986
  745  2394   140476.4270      30.52965774    114.35603922      26.1354
  746  2394   140477.4270      30.52964324    114.35604565      33.2218
  747  2394   140478.4270      30.52963923    114.35598099      35.6079
  748  2394   140479.4270      30.52970944    114.35605255      28.6557
  749  2394   140480.4270      30.52967967    114.35608607      35.4926
  750  2394   140481.4270      30.52974334    114.35601389      27.5328
  751  2394   140482.4270      30.52974191    114.35606072      17.1221
  752  2394   140483.4270      30.52975669    114.35606356      17.9945
  753  2394   140484.4270      30.52975139    114.35606220      26.4479
  754  2394   140485.4270      30.52971491    114.35605624      37.7571
  755  2394   140486.4270      30.52979539    114.35606434      20.6637
  756  2394   140487.4270      30.52977698    114.35607571      17.7328
  757  2394   140488.4270      30.52980252    114.35604024      28.4839
  758  2394   140489.4270      30.52980585    114.35606563      31.5212
  759  2394   140490.4270      30.52975468    114.35604206      33.1004
  760  2394   140491.4270      30.52979716    114.35605287      24.9457
  761  2394   140492.4270      30.52987114    114.35607284      15.8256
  762  2394   140493.4270      30.52984098    114.35605986      30.4761
  763  2394   140494.4270      30.52985920    114.35603311      23.6886
  764  2394   140495.4270      30.52985355    114.35604593      23.7026
  765  2394   140496.4270      30.52985775    114.35605388      29.0255
  766  2394   140497.4270      30.52991053    114.35607001      26.3557
  767  2394   140498.4270      30.52988815    114.35609953      33.5199
  768  2394   140499.4270      30.52988547    114.35608108      38.0956
  769  2394   140500.4270      30.52991433    114.35606736      27.9466
  770  2394   140501.4270      30.52995441    114.35606307      25.2455
  771  2394   140502.4270      30.52992603    114.35604507      38.8038
  772  2394   140503.4270      30.52994079    114.35607888      40.9058
  773  2394   140504.4270      30.52994471    114.35606966      27.4621
  774  2394   140505.4270      30.53004278    114.35602490      35.5223
  775  2394   140506.4270      30.52998436    114.35606284      31.8254
  776  2394   140507.4270      30.53000683    114.35605947      32.8352
  777  2394   140508.4270      30.52998508    114.35607460      38.2233
  778  2394   140509.4270      30.53015174    114.35604731      55.7362
  779  2394   140510.4270      30.53002601    114.35605621      28.1118
  780  2394   140511.4270      30.53007040    114.35606153      29.4766
  781  2394   140512.4270      30.53007438    114.35606998      30.4960
  782  2394   140513.4270      30.52999833    114.35604428      43.8768
  783  2394   140514.4270      30.53006369    114.35604204      39.1631
  784  2394   140515.4270      30.53006781    114.35606340      30.4290
  785  2394   140516.4270      30.53011486    114.35605439      27.1953
  786  2394   140517.4270      30.53013694    114.35606806      20.2665
  787  2394   140518.4270      30.53016717    114.35605976      36.1992
  788  2394   140519.4270      30.53015432    114.35605341      25.8186
  789  2394   140520.4270      30.53021944    114.35604654      11.6316
  790  2394   140521.4270      30.53016423    114.35603177      35.7668
  791  2394   140522.4270      30.53017527    114.35606090      36.7897
  792  2394   140523.4270      30.53017850    114.35606162      29.0091
  793  2394   140524.4270      30.53019578    114.35606626      25.7637
  794  2394   140525.4270      30.53018030    114.35605551      22.4104
  795  2394   140526.4270      30.53020827    114.35607411      24.8645
  796  2394   140527.4270      30.53022338    114.35604832      20.3012
  797  2394   140528.4270      30.53023495    114.35604191      34.1526
  798  2394   140529.4270      30.53025008    114.35606451      29.1539
  799  2394   140530.4270      30.53032310    114.35608812      37.4268
  800  2394   140531.4270      30.53024007    114.35608432      27.8899
  801  2394   140532.4270      30.53032276    114.35605287      29.0986
  802  2394   140533.4270      30.53034182    114.35602737      16.0689
  803  2394   140534.4270      30.53035557    114.35606729      28.9294
  804  2394   140535.4270      30.53040205    114.35607874      41.1956
  805  2394   140536.4270      30.53036578    114.35606456      39.2444
  806  2394   140537.4270      30.53037478    114.35604851      24.8908
  807  2394   140538.4270      30.53032122    114.35607707      22.4357
  808  2394   140539.4270      30.53038717    114.35604784      22.6142
  809  2394   140540.4270      30.53040144    114.35606748      20.1576
  810  2394   140541.4270      30.53041940    114.35605156      28.7686
  811  2394   140542.4270      30.53040929    114.35599693      27.0801
  812  2394   140543.4270      30.53053032    114.35603674      43.4960
  813  2394   140544.4270      30.53052806    114.35606425      70.2192
  814  2394   140545.4270      30.53047231    114.35605861      34.2747
  815  2394   140546.4270      30.53047234    114.35603233      53.3959
  816  2394   140547.4270      30.53049030    114.35602159      55.5624
  817  2394   140548.4270      30.53055079    114.35607083      42.4101
  818  2394   140549.4270      30.53049397    114.35604959      34.4232
  819  2394   140550.4270      30.53037057    114.35600112      59.5523
  820  2394   140551.4270      30.53044867    114.35603941      43.7269
  821  2394   140552.4270      30.53066837    114.35606711      52.9589
  822  2394   140553.4270      30.53062764    114.35601456      88.5559
  823  2394   140554.4270      30.53046266    114.35597126      44.8015
  824  2394   140555.4270      30.53047801    114.35594812      41.7093
  825  2394   140556.4270      30.53061720    114.35601349      15.4426
  826  2394   140557.4270      30.53062352    114.35599815      58.5237
  827  2394   140558.4270      30.53059083    114.35598890      55.4901
  828  2394   140559.4270      30.53052354    114.35602273      37.7733
  829  2394   140560.4270      30.53052416    114.35593429      51.2215
  830  2394   140561.4270      30.53056918    114.35600810      36.3152
  831  2394   140562.4270      30.53060280    114.35598262      32.1956
  832  2394   140563.4270      30.53055056    114.35598939      52.4445
  833  2394   140564.4270      30.53056734    114.35600850      30.9960
  834  2394   140565.4270      30.53055856    114.35591660      51.0656
  835  2394   140566.4270      30.53058228    114.35599480      28.5756
  836  2394   140567.4270      30.53058372    114.35591078      51.3163
  837  2394   140568.4270      30.53058239    114.35587884      50.7612
  838  2394   140569.4270      30.53060333    114.35592190      40.3768
  839  2394   140570.4270      30.53059814    114.35591286      44.0609
  840  2394   140571.4270      30.53065127    114.35583897      42.0128
  841  2394   140572.4270      30.53064779    114.35589142      48.3653
  842  2394   140573.4270      30.53068739    114.35593782      31.2447
  843  2394   140574.4270      30.53062479    114.35582686      60.7725
  844  2394   140575.4270      30.53062613    114.35587604      51.9018
  845  2394   140576.4270      30.53062193    114.35586217      41.2755
  846  2394   140577.4270      30.53067701    114.35579006      57.0418
  847  2394   140578.4270      30.53066365    114.35583490      46.0299
  848  2394   140579.4270      30.53069356    114.35585490      59.7693
  849  2394   140580.4270      30.53068232    114.35589576      38.6636
  850  2394   140581.4270      30.53065114    114.35584198      44.1000
  851  2394   140582.4270      30.53056013    114.35564705     120.0091
  852  2394   140583.4270      30.53065900    114.35578984      66.9280
  853  2394   140584.4270      30.53068431    114.35579149      49.3975
  854  2394   140585.4270      30.53071086    114.35582714      33.1494
  855  2394   140586.4270      30.53070801    114.35587134      27.7852
  856  2394   140587.4270      30.53072737    114.35584889      18.2607
  857  2394   140588.4270      30.53069101    114.35585190      33.3232
  858  2394   140589.4270      30.53069003    114.35581290      48.2123
  859  2394   140590.4270      30.53070793    114.35578118      43.2354
  860  2394   140591.4270      30.53066964    114.35577411      54.8639
  861  2394   140592.4270      30.53070103    114.35583844      40.7421
  862  2394   140593.4270      30.53067620    114.35572779      54.2310
  863  2394   140594.4270      30.53071202    114.35569376      49.1650
  864  2394   140595.4270      30.53076669    114.35574815      35.9261
  865  2394   140596.4270      30.53063688    114.35557031      86.2186
  866  2394   140597.4270      30.53070050    114.35570779      39.4628
  867  2394   140598.4270      30.53067195    114.35566236      58.3737
  868  2394   140599.4270      30.53063438    114.35555111      77.2680
  869  2394   140600.4270      30.53049972    114.35533993     131.2307
  870  2394   140601.4270      30.53055238    114.35541895     112.1220
  871  2394   140602.4270      30.53061632    114.35555283      82.5542
  872  2394   140603.4270      30.53065311    114.35559158      64.4060
  873  2394   140604.4270      30.53068517    114.35563057      38.4552
  874  2394   140605.4270      30.53069975    114.35564418      30.9930
  875  2394   140606.4270      30.53069206    114.35565060      38.9315
  876  2394   140607.4270      30.53036792    114.35574336     142.0429
  877  2394   140608.4270      30.53070585    114.35557682      30.7594
  878  2394   140609.4270      30.53069864    114.35560115      24.8114
  879  2394   140610.4270      30.53071855    114.35555505      10.7709
  880  2394   140611.4270      30.53067494    114.35550708      43.1162
  881  2394   140612.4270      30.53068761    114.35552703      26.1469
  882  2394   140613.4270      30.53065565    114.35550866      33.0969
  883  2394   140614.4270      30.53069927    114.35551901      20.5118
  884  2394   140615.4270      30.53067767    114.35551591      24.0817
  885  2394   140616.4270      30.53066723    114.35548459      28.3654
  886  2394   140617.4270      30.53021110    114.35568058     180.8287
  887  2394   140618.4270      30.53027921    114.35555379     155.2412
  888  2394   140619.4270      30.53024668    114.35563607     163.6078
  889  2394   140620.4270      30.53065139    114.35542414      25.1279
  890  2394   140621.4270      30.53064926    114.35541005      31.3563
  891  2394   140622.4270      30.53061102    114.35533787      43.3276
  892  2394   140623.4270      30.53065369    114.35532916      22.2975
  893  2394   140624.4270      30.53064076    114.35541933      27.8568
  894  2394   140625.4270      30.53062237    114.35540900      23.3225
  895  2394   140626.4270      30.53022939    114.35559057     149.2628
  896  2394   140627.4270      30.53027964    114.35556925     146.2685
  897  2394   140628.4270      30.53020548    114.35562862     166.0454
  898  2394   140629.4270      30.53060456    114.35542519      29.7820
  899  2394   140630.4270      30.53059385    114.35544387      27.6429
  900  2394   140631.4270      30.53059326    114.35539657      30.5419
  901  2394   140632.4270      30.52960648    114.35594338     360.5730
  902  2394   140633.4270      30.53014877    114.35554893     166.9062
  903  2394   140634.4270      30.53054789    114.35534972      24.0760
  904  2394   140635.4270      30.53048708    114.35534916      32.5277
  905  2394   140636.4270      30.53050745    114.35535684      29.4606
  906  2394   140637.4270      30.53014921    114.35558859     167.4737
  907  2394   140638.4270      30.53052442    114.35534358      24.7237
  908  2394   140639.4270      30.53041959    114.35534080      40.7499
  909  2394   140640.4270      30.53045220    114.35533281      38.2073
  910  2394   140641.4270      30.53048907    114.35533429      34.1146
  911  2394   140642.4270      30.53031384    114.35555244      85.9291
  912  2394   140643.4270      30.53044823    114.35538943      42.1548
  913  2394   140644.4270      30.53046304    114.35540899      37.9450
  914  2394   140645.4270      30.53041592    114.35537216      36.0231
  915  2394   140646.4270      30.53039252    114.35542364      37.6275
  916  2394   140647.4270      30.53043049    114.35538082      40.9757
